[100.0, 100.0, 0.0, 0.0, 1200.0]
[100.0, 100.0, 0.0, 0.0, 1200.0]
[100.0, 100.0, 0.0, 0.0, 1200.0]
[100.0, 100.0, 0.0, 0.0, 1200.0]
[100.0, 100.0, 0.0, 0.0, 1200.0]
[100.0, 100.0, 0.0, 0.0, 1200.0]
[100.0, 100.0, 0.0, 0.0, 1200.0]
[100.0, 100.0, 0.0, 0.0, 1200.0]
[100.0, 100.0, 0.0, 0.0, 1200.0]
[100.0, 100.0, 0.0, 0.0, 1200.0]
[100.0, 100.0, 0.0, 0.0, 1200.0]
[100.0, 100.0, 0.0, 0.0, 1200.0]
[100.0, 100.0, 0.0, 0.0, 1200.0]
[100.0, 100.0, 0.0, 0.0, 1200.0]
[100.0, 100.0, 0.0, 0.0, 1200.0]
[100.0, 100.0, 0.0, 0.0, 1200.0]
[100.0, 100.0, 0.0, 0.0, 1200.0]
[100.0, 100.0, 0.0, 0.0, 1200.0]
[100.0, 100.0, 0.0, 0.0, 1200.0]
[100.0, 100.0, 0.0, 0.0, 1200.0]
[100.0, 100.0, 0.0, 0.0, 1200.0]
[100.0, 100.0, 0.0, 0.0, 1200.0]
[100.0, 100.0, 0.0, 0.0, 1200.0]
[100.0, 100.0, 0.0, 0.0, 1200.0]
[100.0, 100.0, 0.0, 0.0, 1200.0]
[100.0, 100.0, 0.0, 0.0, 1200.0]
[100.0, 100.0, 0.0, 0.0, 1200.0]
[100.0, 100.0, 0.0, 0.0, 1200.0]
[100.0, 100.0, 0.0, 0.0, 1200.0]
[100.0, 100.0, 0.0, 0.0, 1200.0]
[100.0, 100.0, 0.0, 0.0, 1200.0]
[100.0, 100.0, 0.0, 0.0, 1200.0]
[100.0, 100.0, 0.0, 0.0, 1200.0]
[100.0, 100.0, 0.0, 0.0, 1200.0]
[100.0, 100.0, 0.0, 0.0, 1200.0]
[100.0, 100.0, 0.0, 0.0, 1200.0]
[100.0, 100.0, 0.0, 0.0, 1200.0]
[100.0, 100.0, 0.0, 0.0, 1200.0]
[100.0, 100.0, 0.0, 0.0, 1200.0]
[100.0, 100.0, 0.0, 0.0, 1200.0]
[100.0, 100.0, 0.0, 0.0, 1200.0]
[100.0, 100.0, 0.0, 0.0, 1200.0]
[100.0, 100.0, 0.0, 0.0, 1200.0]
[100.0, 100.0, 0.0, 0.0, 1200.0]
[100.0, 100.0, 0.0, 0.0, 1200.0]
[100.0, 100.0, 0.0, 0.0, 1200.0]
[100.0, 100.0, 0.0, 0.0, 1200.0]
[100.0, 100.0, 0.0, 0.0, 1200.0]
[100.0, 100.0, 0.0, 0.0, 1200.0]
[100.0, 100.0, 0.0, 0.0, 1200.0]
[100.0, 100.0, 0.0, 0.0, 1200.0]
[100.0, 100.0, 0.0, 0.0, 1200.0]
[100.0, 100.0, 0.0, 0.0, 1200.0]
[100.0, 100.0, 0.0, 0.0, 1200.0]
[100.0, 100.0, 0.0, 0.0, 1200.0]
[100.0, 100.0, 0.0, 0.0, 1200.0]
[100.0, 100.0, 0.0, 0.0, 1200.0]
[100.0, 99.9, 0.0, 0.1, 1199.975]
[100.0, 99.7, 0.0, 0.2, 1199.925]
[100.0, 99.4, 0.0, 0.30000000000000004, 1199.85]
[100.0, 99.0, 0.0, 0.4, 1199.75]
[100.0, 98.5, 0.0, 0.5, 1199.625]
[100.0, 97.9, 0.0, 0.6, 1199.475]
[100.0, 97.2, 0.0, 0.7, 1199.3]
[100.0, 96.4, 0.0, 0.7999999999999999, 1199.1]
[100.0, 95.60000000000001, 3.0, 0.7999999999999999, 1198.8999999999999]
[100.04186876499436, 94.80109637219635, 6.0, 0.7999999999999999, 1198.6999999999998]
[100.12549153560849, 94.00547885590174, 9.0, 0.7999999999999999, 1198.4999999999998]
[100.25063910764068, 93.21532818342563, 12.0, 0.7999999999999999, 1198.2999999999997]
[100.41696846029488, 92.43281010283859, 15.0, 0.7999999999999999, 1198.0999999999997]
[100.6240236963769, 91.66006944180734, 18.0, 0.7999999999999999, 1197.8999999999996]
[100.87123729187685, 90.89922422877122, 21.0, 0.7999999999999999, 1197.6999999999996]
[101.1579316515131, 90.15235988757345, 24.0, 0.7999999999999999, 1197.4999999999995]
[101.48332096597373, 89.42152352145938, 27.0, 0.7999999999999999, 1197.2999999999995]
[101.84651336576538, 88.70871830210868, 30.0, 0.7999999999999999, 1197.0999999999995]
[102.24651336576538, 88.01589797908113, 33.0, 0.7999999999999999, 1196.8999999999994]
[102.6822245937774, 87.3449615247248, 36.0, 0.7999999999999999, 1196.6999999999994]
[103.15245279561138, 86.69774792922483, 39.0, 0.7999999999999999, 1196.4999999999993]
[103.65590910845125, 86.07603116005926, 42.0, 0.7999999999999999, 1196.2999999999993]
[104.19121359353834, 85.48151529967734, 45.0, 0.7999999999999999, 1196.0999999999992]
[104.75689901848757, 84.9158298747281, 48.0, 0.7999999999999999, 1195.8999999999992]
[105.35141487886949, 84.38052538964102, 51.0, 0.7999999999999999, 1195.6999999999991]
[105.97313164803506, 83.87706907680115, 54.0, 0.7999999999999999, 1195.499999999999]
[106.62034524353503, 83.40684087496717, 57.0, 0.7999999999999999, 1195.299999999999]
[107.29128169789136, 82.97112964695515, 60.0, 0.7999999999999999, 1195.099999999999]
[107.98410202091891, 82.57112964695514, 63.0, 0.7999999999999999, 1194.899999999999]
[108.69690724026961, 82.2079372471635, 66.0, 0.7999999999999999, 1194.699999999999]
[109.42774360638369, 81.88254793270286, 69.0, 0.7999999999999999, 1194.4999999999989]
[110.26796599023116, 81.5600167781121, 69.0, 0.8999999999999999, 1194.274999999999]
[111.20154641672836, 81.2016488285668, 69.0, 0.9999999999999999, 1194.024999999999]
[112.22848488587529, 80.80744408406697, 69.0, 1.0999999999999999, 1193.7499999999989]
[113.25542335502222, 80.41323933956714, 72.0, 1.0999999999999999, 1193.4749999999988]
[114.30158552294688, 80.0733206457547, 75.0, 1.0999999999999999, 1193.1999999999987]
[115.36410393186486, 79.78861969614194, 78.0, 1.0999999999999999, 1192.9249999999986]
[116.44006629267204, 79.5599168362424, 81.0, 1.0999999999999999, 1192.6499999999985]
[117.5265234673267, 79.38783892469814, 84.0, 1.0999999999999999, 1192.3749999999984]
[118.6204975522318, 79.27285761510373, 87.0, 1.0999999999999999, 1192.0999999999983]
[119.81885299393728, 79.2100544676122, 87.0, 1.2, 1191.7999999999984]
[121.11707138911822, 79.14201772449637, 87.0, 1.3, 1191.4749999999983]
[122.51515273777463, 79.06874738575625, 87.0, 1.4000000000000001, 1191.1249999999984]
[124.01309703990648, 78.99024345139183, 87.0, 1.5000000000000002, 1190.7499999999984]
[125.6109042955138, 78.90650592140312, 87.0, 1.6000000000000003, 1190.3499999999983]
[127.30857450459658, 78.81753479579012, 87.0, 1.7000000000000004, 1189.9249999999984]
[129.10610766715482, 78.72333007455282, 87.0, 1.8000000000000005, 1189.4749999999983]
[131.0035037831885, 78.62389175769123, 87.0, 1.9000000000000006, 1188.9999999999984]
[133.00076285269765, 78.51921984520534, 87.0, 2.0000000000000004, 1188.4999999999984]
[135.09788487568224, 78.40931433709515, 87.0, 2.1000000000000005, 1187.9749999999983]
[137.2948698521423, 78.29417523336068, 87.0, 2.2000000000000006, 1187.4249999999984]
[139.59171778207784, 78.17380253400191, 87.0, 2.3000000000000007, 1186.8499999999983]
[141.9884286654888, 78.04819623901884, 87.0, 2.400000000000001, 1186.2499999999984]
[144.48500250237524, 77.91735634841147, 87.0, 2.500000000000001, 1185.6249999999984]
[147.08143929273714, 77.78128286217982, 87.0, 2.600000000000001, 1184.9749999999983]
[149.7777390365745, 77.63997578032388, 87.0, 2.700000000000001, 1184.2999999999984]
[152.5739017338873, 77.49343510284363, 87.0, 2.800000000000001, 1183.5999999999983]
[155.46992738467557, 77.3416608297391, 87.0, 2.9000000000000012, 1182.8749999999984]
[158.46581598893928, 77.18465296101027, 87.0, 3.0000000000000013, 1182.1249999999984]
[161.56156754667848, 77.02241149665714, 87.0, 3.1000000000000014, 1181.3499999999983]
[164.75718205789312, 76.85493643667972, 87.0, 3.2000000000000015, 1180.5499999999984]
[168.0526595225832, 76.68222778107801, 87.0, 3.3000000000000016, 1179.7249999999983]
[171.24827403379786, 76.51475272110059, 87.0, 3.2000000000000015, 1178.9249999999984]
[174.34402559153705, 76.35251125674746, 87.0, 3.1000000000000014, 1178.1499999999983]
[177.33991419580076, 76.19550338801864, 87.0, 3.0000000000000013, 1177.3999999999983]
[180.23593984658902, 76.0437291149141, 87.0, 2.9000000000000012, 1176.6749999999984]
[183.03210254390183, 75.89718843743385, 87.0, 2.800000000000001, 1175.9749999999983]
[185.7284022877392, 75.75588135557791, 87.0, 2.700000000000001, 1175.2999999999984]
[188.3248390781011, 75.61980786934626, 87.0, 2.600000000000001, 1174.6499999999983]
[190.82141291498752, 75.4889679787389, 87.0, 2.500000000000001, 1174.0249999999983]
[193.2181237983985, 75.36336168375583, 87.0, 2.400000000000001, 1173.4249999999984]
[195.51497172833402, 75.24298898439706, 87.0, 2.3000000000000007, 1172.8499999999983]
[197.7119567047941, 75.12784988066258, 87.0, 2.2000000000000006, 1172.2999999999984]
[199.80907872777868, 75.01794437255239, 87.0, 2.1000000000000005, 1171.7749999999983]
[201.80633779728782, 74.91327246006651, 87.0, 2.0000000000000004, 1171.2749999999983]
[203.7037339133215, 74.81383414320491, 87.0, 1.9000000000000004, 1170.7999999999984]
[205.50126707587975, 74.71962942196761, 87.0, 1.8000000000000003, 1170.3499999999983]
[207.19893728496254, 74.63065829635461, 87.0, 1.7000000000000002, 1169.9249999999984]
[208.79674454056985, 74.5469207663659, 87.0, 1.6, 1169.5249999999983]
[210.2946888427017, 74.46841683200148, 87.0, 1.5, 1169.1499999999983]
[211.6927701913581, 74.39514649326136, 87.0, 1.4, 1168.7999999999984]
[212.99098858653906, 74.32710975014554, 87.0, 1.2999999999999998, 1168.4749999999983]
[214.18934402824456, 74.264306602654, 87.0, 1.1999999999999997, 1168.1749999999984]
[215.28783651647458, 74.20673705078677, 87.0, 1.0999999999999996, 1167.8999999999983]
[216.28646605122916, 74.15440109454383, 87.0, 0.9999999999999997, 1167.6499999999983]
[217.18523263250827, 74.10729873392518, 87.0, 0.8999999999999997, 1167.4249999999984]
[217.98413626031194, 74.06542996893081, 87.0, 0.7999999999999997, 1167.2249999999983]
[218.68317693464013, 74.02879479956076, 87.0, 0.6999999999999997, 1167.0499999999984]
[219.28235465549287, 73.99739322581499, 87.0, 0.5999999999999998, 1166.8999999999983]
[219.78166942287015, 73.97122524769351, 87.0, 0.4999999999999998, 1166.7749999999983]
[220.181121236772, 73.95029086519634, 87.0, 0.3999999999999998, 1166.6749999999984]
[220.48071009719837, 73.93459007832345, 87.0, 0.2999999999999998, 1166.5999999999983]
[220.68043600414927, 73.92412288707486, 87.0, 0.19999999999999982, 1166.5499999999984]
[220.78029895762472, 73.91888929145057, 87.0, 0.09999999999999981, 1166.5249999999983]
[220.78029895762472, 73.91888929145057, 87.0, 0.0, 1166.5249999999983]
[220.78029895762472, 73.91888929145057, 87.0, 0.0, 1166.5249999999983]
[220.78029895762472, 73.91888929145057, 87.0, 0.0, 1166.5249999999983]
[220.78029895762472, 73.91888929145057, 87.0, 0.0, 1166.5249999999983]
[220.78029895762472, 73.91888929145057, 87.0, 0.0, 1166.5249999999983]
[220.78029895762472, 73.91888929145057, 87.0, 0.0, 1166.5249999999983]
[220.78029895762472, 73.91888929145057, 87.0, 0.0, 1166.5249999999983]
[220.78029895762472, 73.91888929145057, 87.0, 0.0, 1166.5249999999983]
[220.78029895762472, 73.91888929145057, 87.0, 0.0, 1166.5249999999983]
[220.78029895762472, 73.91888929145057, 87.0, 0.0, 1166.5249999999983]
[220.78029895762472, 73.91888929145057, 87.0, 0.0, 1166.5249999999983]
[220.78029895762472, 73.91888929145057, 87.0, 0.0, 1166.5249999999983]
[220.78029895762472, 73.91888929145057, 87.0, 0.0, 1166.5249999999983]
[220.78029895762472, 73.91888929145057, 87.0, 0.0, 1166.5249999999983]
[220.78029895762472, 73.91888929145057, 87.0, 0.0, 1166.5249999999983]
[220.78029895762472, 73.91888929145057, 87.0, 0.0, 1166.5249999999983]
[220.78029895762472, 73.91888929145057, 87.0, 0.0, 1166.5249999999983]
[220.78029895762472, 73.91888929145057, 87.0, 0.0, 1166.5249999999983]
[220.78029895762472, 73.91888929145057, 87.0, 0.0, 1166.5249999999983]
[220.78029895762472, 73.91888929145057, 87.0, 0.0, 1166.5249999999983]
[220.78029895762472, 73.91888929145057, 87.0, 0.0, 1166.5249999999983]
[220.78029895762472, 73.91888929145057, 87.0, 0.0, 1166.5249999999983]
[220.78029895762472, 73.91888929145057, 87.0, 0.0, 1166.5249999999983]
[220.78029895762472, 73.91888929145057, 87.0, 0.0, 1166.5249999999983]
[220.78029895762472, 73.91888929145057, 87.0, 0.0, 1166.5249999999983]
[220.78029895762472, 73.91888929145057, 87.0, 0.0, 1166.5249999999983]
[220.78029895762472, 73.91888929145057, 87.0, 0.0, 1166.5249999999983]
[220.78029895762472, 73.91888929145057, 87.0, 0.0, 1166.5249999999983]
[220.78029895762472, 73.91888929145057, 87.0, 0.0, 1166.5249999999983]
[220.78029895762472, 73.91888929145057, 87.0, 0.0, 1166.5249999999983]
[220.78029895762472, 73.91888929145057, 87.0, 0.0, 1166.5249999999983]
[220.78029895762472, 73.91888929145057, 87.0, 0.0, 1166.5249999999983]
[220.78029895762472, 73.91888929145057, 87.0, 0.0, 1166.5249999999983]
[220.78029895762472, 73.91888929145057, 87.0, 0.0, 1166.5249999999983]
[220.78029895762472, 73.91888929145057, 87.0, 0.0, 1166.5249999999983]
[220.78029895762472, 73.91888929145057, 87.0, 0.0, 1166.5249999999983]
[220.78029895762472, 73.91888929145057, 87.0, 0.0, 1166.5249999999983]
[220.78029895762472, 73.91888929145057, 87.0, 0.0, 1166.5249999999983]
[220.78029895762472, 73.91888929145057, 87.0, 0.0, 1166.5249999999983]
[220.78029895762472, 73.91888929145057, 87.0, 0.0, 1166.5249999999983]
[220.78029895762472, 73.91888929145057, 87.0, 0.0, 1166.5249999999983]
[220.78029895762472, 73.91888929145057, 87.0, 0.0, 1166.5249999999983]
[220.78029895762472, 73.91888929145057, 87.0, 0.0, 1166.5249999999983]
[220.78029895762472, 73.91888929145057, 87.0, 0.0, 1166.5249999999983]
[220.78029895762472, 73.91888929145057, 87.0, 0.0, 1166.5249999999983]
[220.78029895762472, 73.91888929145057, 87.0, 0.0, 1166.5249999999983]
[220.78029895762472, 73.91888929145057, 87.0, 0.0, 1166.5249999999983]
[220.78029895762472, 73.91888929145057, 87.0, 0.0, 1166.5249999999983]
[220.78029895762472, 73.91888929145057, 87.0, 0.0, 1166.5249999999983]
[220.78029895762472, 73.91888929145057, 87.0, 0.0, 1166.5249999999983]
[220.78029895762472, 73.91888929145057, 87.0, 0.0, 1166.5249999999983]
[220.78029895762472, 73.91888929145057, 87.0, 0.0, 1166.5249999999983]
[220.78029895762472, 73.91888929145057, 87.0, 0.0, 1166.5249999999983]
[220.78029895762472, 73.91888929145057, 87.0, 0.0, 1166.5249999999983]
[220.78029895762472, 73.91888929145057, 87.0, 0.0, 1166.5249999999983]
[220.78029895762472, 73.91888929145057, 87.0, 0.0, 1166.5249999999983]
[220.78029895762472, 73.91888929145057, 87.0, 0.0, 1166.5249999999983]
[220.78029895762472, 73.91888929145057, 87.0, 0.0, 1166.5249999999983]
[220.78029895762472, 73.91888929145057, 87.0, 0.0, 1166.5249999999983]
[220.78029895762472, 73.91888929145057, 87.0, 0.0, 1166.5249999999983]
[220.78029895762472, 73.91888929145057, 87.0, 0.0, 1166.5249999999983]
[220.78029895762472, 73.91888929145057, 87.0, 0.0, 1166.5249999999983]
[220.78029895762472, 73.91888929145057, 87.0, 0.0, 1166.5249999999983]
[220.78029895762472, 73.91888929145057, 87.0, 0.0, 1166.5249999999983]
[220.78029895762472, 73.91888929145057, 87.0, 0.0, 1166.5249999999983]
[220.78029895762472, 73.91888929145057, 87.0, 0.0, 1166.5249999999983]
[220.78029895762472, 73.91888929145057, 87.0, 0.0, 1166.5249999999983]
[220.78029895762472, 73.91888929145057, 87.0, 0.0, 1166.5249999999983]
[220.78029895762472, 73.91888929145057, 87.0, 0.0, 1166.5249999999983]
[220.78029895762472, 73.91888929145057, 87.0, 0.0, 1166.5249999999983]
[220.78029895762472, 73.91888929145057, 87.0, 0.0, 1166.5249999999983]
[220.78029895762472, 73.91888929145057, 87.0, 0.0, 1166.5249999999983]
[220.78029895762472, 73.91888929145057, 87.0, 0.0, 1166.5249999999983]
[220.78029895762472, 73.91888929145057, 87.0, 0.0, 1166.5249999999983]
[220.78029895762472, 73.91888929145057, 87.0, 0.0, 1166.5249999999983]
[220.78029895762472, 73.91888929145057, 87.0, 0.0, 1166.5249999999983]
[220.78029895762472, 73.91888929145057, 87.0, 0.0, 1166.5249999999983]
[220.78029895762472, 73.91888929145057, 87.0, 0.0, 1166.5249999999983]
[220.78029895762472, 73.91888929145057, 87.0, 0.0, 1166.5249999999983]
[220.78029895762472, 73.91888929145057, 87.0, 0.0, 1166.5249999999983]
[220.78029895762472, 73.91888929145057, 87.0, 0.0, 1166.5249999999983]
[220.78029895762472, 73.91888929145057, 87.0, 0.0, 1166.5249999999983]
[220.78029895762472, 73.91888929145057, 87.0, 0.0, 1166.5249999999983]
[220.78029895762472, 73.91888929145057, 87.0, 0.0, 1166.5249999999983]
[220.78029895762472, 73.91888929145057, 87.0, 0.0, 1166.5249999999983]
[220.78029895762472, 73.91888929145057, 87.0, 0.0, 1166.5249999999983]
[220.78029895762472, 73.91888929145057, 87.0, 0.0, 1166.5249999999983]
[220.78029895762472, 73.91888929145057, 87.0, 0.0, 1166.5249999999983]
[220.78029895762472, 73.91888929145057, 87.0, 0.0, 1166.5249999999983]
[220.78029895762472, 73.91888929145057, 87.0, 0.0, 1166.5249999999983]
[220.78029895762472, 73.91888929145057, 87.0, 0.0, 1166.5249999999983]
[220.78029895762472, 73.91888929145057, 87.0, 0.0, 1166.5249999999983]
[220.78029895762472, 73.91888929145057, 87.0, 0.0, 1166.5249999999983]
[220.78029895762472, 73.91888929145057, 87.0, 0.0, 1166.5249999999983]
[220.78029895762472, 73.91888929145057, 87.0, 0.0, 1166.5249999999983]
[220.78029895762472, 73.91888929145057, 87.0, 0.0, 1166.5249999999983]
[220.78029895762472, 73.91888929145057, 87.0, 0.0, 1166.5249999999983]
[220.78029895762472, 73.91888929145057, 87.0, 0.0, 1166.5249999999983]
[220.78029895762472, 73.91888929145057, 87.0, 0.0, 1166.5249999999983]
[220.78029895762472, 73.91888929145057, 87.0, 0.0, 1166.5249999999983]
[220.78029895762472, 73.91888929145057, 87.0, 0.0, 1166.5249999999983]
[220.78029895762472, 73.91888929145057, 87.0, 0.0, 1166.5249999999983]
[220.78029895762472, 73.91888929145057, 87.0, 0.0, 1166.5249999999983]
[220.78029895762472, 73.91888929145057, 87.0, 0.0, 1166.5249999999983]
[220.78029895762472, 73.91888929145057, 87.0, 0.0, 1166.5249999999983]
[220.78029895762472, 73.91888929145057, 87.0, 0.0, 1166.5249999999983]
[220.78029895762472, 73.91888929145057, 87.0, 0.0, 1166.5249999999983]
[220.78029895762472, 73.91888929145057, 87.0, 0.0, 1166.5249999999983]
[220.78029895762472, 73.91888929145057, 87.0, 0.0, 1166.5249999999983]
[220.78029895762472, 73.91888929145057, 87.0, 0.0, 1166.5249999999983]
[220.78029895762472, 73.91888929145057, 87.0, 0.0, 1166.5249999999983]
[220.78029895762472, 73.91888929145057, 87.0, 0.0, 1166.5249999999983]
[220.78029895762472, 73.91888929145057, 87.0, 0.0, 1166.5249999999983]
[220.78029895762472, 73.91888929145057, 87.0, 0.0, 1166.5249999999983]
[220.78029895762472, 73.91888929145057, 87.0, 0.0, 1166.5249999999983]
[220.78029895762472, 73.91888929145057, 87.0, 0.0, 1166.5249999999983]
[220.78029895762472, 73.91888929145057, 87.0, 0.0, 1166.5249999999983]
[220.78029895762472, 73.91888929145057, 87.0, 0.0, 1166.5249999999983]
[220.78029895762472, 73.91888929145057, 87.0, 0.0, 1166.5249999999983]
[220.78029895762472, 73.91888929145057, 87.0, 0.0, 1166.5249999999983]
[220.78029895762472, 73.91888929145057, 87.0, 0.0, 1166.5249999999983]
[220.78029895762472, 73.91888929145057, 87.0, 0.0, 1166.5249999999983]
[220.78029895762472, 73.91888929145057, 87.0, 0.0, 1166.5249999999983]
[220.78029895762472, 73.91888929145057, 87.0, 0.0, 1166.5249999999983]
[220.78029895762472, 73.91888929145057, 87.0, 0.0, 1166.5249999999983]
[220.78029895762472, 73.91888929145057, 87.0, 0.0, 1166.5249999999983]
[220.78029895762472, 73.91888929145057, 87.0, 0.0, 1166.5249999999983]
[220.78029895762472, 73.91888929145057, 87.0, 0.0, 1166.5249999999983]
[220.78029895762472, 73.91888929145057, 87.0, 0.0, 1166.5249999999983]
[220.78029895762472, 73.91888929145057, 87.0, 0.0, 1166.5249999999983]
[220.78029895762472, 73.91888929145057, 87.0, 0.0, 1166.5249999999983]
[220.78029895762472, 73.91888929145057, 87.0, 0.0, 1166.5249999999983]
[220.78029895762472, 73.91888929145057, 87.0, 0.0, 1166.5249999999983]
[220.78029895762472, 73.91888929145057, 87.0, 0.0, 1166.5249999999983]
[220.78029895762472, 73.91888929145057, 87.0, 0.0, 1166.5249999999983]
[220.78029895762472, 73.91888929145057, 87.0, 0.0, 1166.5249999999983]
[220.78029895762472, 73.91888929145057, 87.0, 0.0, 1166.5249999999983]
[220.78029895762472, 73.91888929145057, 87.0, 0.0, 1166.5249999999983]
[220.78029895762472, 73.91888929145057, 87.0, 0.0, 1166.5249999999983]
[220.78029895762472, 73.91888929145057, 87.0, 0.0, 1166.5249999999983]
[220.78029895762472, 73.91888929145057, 87.0, 0.0, 1166.5249999999983]
[220.78029895762472, 73.91888929145057, 87.0, 0.0, 1166.5249999999983]
[220.78029895762472, 73.91888929145057, 87.0, 0.0, 1166.5249999999983]
[220.78029895762472, 73.91888929145057, 87.0, 0.0, 1166.5249999999983]
[220.78029895762472, 73.91888929145057, 87.0, 0.0, 1166.5249999999983]
[220.78029895762472, 73.91888929145057, 87.0, 0.0, 1166.5249999999983]
[220.78029895762472, 73.91888929145057, 87.0, 0.0, 1166.5249999999983]
[220.78029895762472, 73.91888929145057, 87.0, 0.0, 1166.5249999999983]
[220.78029895762472, 73.91888929145057, 87.0, 0.0, 1166.5249999999983]
[220.78029895762472, 73.91888929145057, 87.0, 0.0, 1166.5249999999983]
[220.78029895762472, 73.91888929145057, 87.0, 0.0, 1166.5249999999983]
[220.78029895762472, 73.91888929145057, 87.0, 0.0, 1166.5249999999983]
[220.78029895762472, 73.91888929145057, 87.0, 0.0, 1166.5249999999983]
[220.78029895762472, 73.91888929145057, 87.0, 0.0, 1166.5249999999983]
[220.78029895762472, 73.91888929145057, 87.0, 0.0, 1166.5249999999983]
[220.78029895762472, 73.91888929145057, 87.0, 0.0, 1166.5249999999983]
[220.78029895762472, 73.91888929145057, 87.0, 0.0, 1166.5249999999983]
[220.78029895762472, 73.91888929145057, 87.0, 0.0, 1166.5249999999983]
[220.78029895762472, 73.91888929145057, 87.0, 0.0, 1166.5249999999983]
[220.78029895762472, 73.91888929145057, 87.0, 0.0, 1166.5249999999983]
[220.78029895762472, 73.91888929145057, 87.0, 0.0, 1166.5249999999983]
[220.78029895762472, 73.91888929145057, 87.0, 0.0, 1166.5249999999983]
[220.78029895762472, 73.91888929145057, 87.0, 0.0, 1166.5249999999983]
[220.78029895762472, 73.91888929145057, 87.0, 0.0, 1166.5249999999983]
[220.78029895762472, 73.91888929145057, 87.0, 0.0, 1166.5249999999983]
[220.78029895762472, 73.91888929145057, 87.0, 0.0, 1166.5249999999983]
[220.78029895762472, 73.91888929145057, 87.0, 0.0, 1166.5249999999983]
[220.78029895762472, 73.91888929145057, 87.0, 0.0, 1166.5249999999983]
[220.78029895762472, 73.91888929145057, 87.0, 0.0, 1166.5249999999983]
[220.78029895762472, 73.91888929145057, 87.0, 0.0, 1166.5249999999983]
[220.78029895762472, 73.91888929145057, 87.0, 0.0, 1166.5249999999983]
[220.78029895762472, 73.91888929145057, 87.0, 0.0, 1166.5249999999983]
[220.78029895762472, 73.91888929145057, 87.0, 0.0, 1166.5249999999983]
[220.78029895762472, 73.91888929145057, 87.0, 0.0, 1166.5249999999983]
[220.78029895762472, 73.91888929145057, 87.0, 0.0, 1166.5249999999983]
[220.78029895762472, 73.91888929145057, 87.0, 0.0, 1166.5249999999983]
[220.78029895762472, 73.91888929145057, 87.0, 0.0, 1166.5249999999983]
[220.78029895762472, 73.91888929145057, 87.0, 0.0, 1166.5249999999983]
[220.78029895762472, 73.91888929145057, 87.0, 0.0, 1166.5249999999983]
[220.78029895762472, 73.91888929145057, 87.0, 0.0, 1166.5249999999983]
[220.78029895762472, 73.91888929145057, 87.0, 0.0, 1166.5249999999983]
[220.78029895762472, 73.91888929145057, 87.0, 0.0, 1166.5249999999983]
[220.78029895762472, 73.91888929145057, 87.0, 0.0, 1166.5249999999983]
[220.78029895762472, 73.91888929145057, 87.0, 0.0, 1166.5249999999983]
[220.78029895762472, 73.91888929145057, 87.0, 0.0, 1166.5249999999983]
[220.78029895762472, 73.91888929145057, 87.0, 0.0, 1166.5249999999983]
[220.78029895762472, 73.91888929145057, 87.0, 0.0, 1166.5249999999983]
[220.78029895762472, 73.91888929145057, 87.0, 0.0, 1166.5249999999983]
[220.78029895762472, 73.91888929145057, 87.0, 0.0, 1166.5249999999983]
[220.78029895762472, 73.91888929145057, 87.0, 0.0, 1166.5249999999983]
[220.78029895762472, 73.91888929145057, 87.0, 0.0, 1166.5249999999983]
[220.78029895762472, 73.91888929145057, 87.0, 0.0, 1166.5249999999983]
[220.78029895762472, 73.91888929145057, 87.0, 0.0, 1166.5249999999983]
[220.78029895762472, 73.91888929145057, 87.0, 0.0, 1166.5249999999983]
[220.78029895762472, 73.91888929145057, 87.0, 0.0, 1166.5249999999983]
[220.78029895762472, 73.91888929145057, 87.0, 0.0, 1166.5249999999983]
[220.78029895762472, 73.91888929145057, 87.0, 0.0, 1166.5249999999983]
[220.78029895762472, 73.91888929145057, 87.0, 0.0, 1166.5249999999983]
[220.78029895762472, 73.91888929145057, 87.0, 0.0, 1166.5249999999983]
[220.78029895762472, 73.91888929145057, 87.0, 0.0, 1166.5249999999983]
[220.78029895762472, 73.91888929145057, 87.0, 0.0, 1166.5249999999983]
[220.78029895762472, 73.91888929145057, 87.0, 0.0, 1166.5249999999983]
[220.78029895762472, 73.91888929145057, 87.0, 0.0, 1166.5249999999983]
[220.78029895762472, 73.91888929145057, 87.0, 0.0, 1166.5249999999983]
[220.78029895762472, 73.91888929145057, 87.0, 0.0, 1166.5249999999983]
[220.78029895762472, 73.91888929145057, 87.0, 0.0, 1166.5249999999983]
[220.78029895762472, 73.91888929145057, 87.0, 0.0, 1166.5249999999983]
[220.78029895762472, 73.91888929145057, 87.0, 0.0, 1166.5249999999983]
[220.78029895762472, 73.91888929145057, 87.0, 0.0, 1166.5249999999983]
[220.78029895762472, 73.91888929145057, 87.0, 0.0, 1166.5249999999983]
[220.78029895762472, 73.91888929145057, 87.0, 0.0, 1166.5249999999983]
[220.78029895762472, 73.91888929145057, 87.0, 0.0, 1166.5249999999983]
[220.78029895762472, 73.91888929145057, 87.0, 0.0, 1166.5249999999983]
[220.78029895762472, 73.91888929145057, 87.0, 0.0, 1166.5249999999983]
[220.78029895762472, 73.91888929145057, 87.0, 0.0, 1166.5249999999983]
[220.78029895762472, 73.91888929145057, 87.0, 0.0, 1166.5249999999983]
[220.78029895762472, 73.91888929145057, 87.0, 0.0, 1166.5249999999983]
[220.78029895762472, 73.91888929145057, 87.0, 0.0, 1166.5249999999983]
[220.78029895762472, 73.91888929145057, 87.0, 0.0, 1166.5249999999983]
[220.78029895762472, 73.91888929145057, 87.0, 0.0, 1166.5249999999983]
[220.78029895762472, 73.91888929145057, 87.0, 0.0, 1166.5249999999983]
[220.78029895762472, 73.91888929145057, 87.0, 0.0, 1166.5249999999983]
[220.78029895762472, 73.91888929145057, 87.0, 0.0, 1166.5249999999983]
[220.78029895762472, 73.91888929145057, 87.0, 0.0, 1166.5249999999983]
[220.78029895762472, 73.91888929145057, 87.0, 0.0, 1166.5249999999983]
[220.78029895762472, 73.91888929145057, 87.0, 0.0, 1166.5249999999983]
[220.78029895762472, 73.91888929145057, 87.0, 0.0, 1166.5249999999983]
[220.78029895762472, 73.91888929145057, 87.0, 0.0, 1166.5249999999983]
[220.78029895762472, 73.91888929145057, 87.0, 0.0, 1166.5249999999983]
[220.78029895762472, 73.91888929145057, 87.0, 0.0, 1166.5249999999983]
[220.78029895762472, 73.91888929145057, 87.0, 0.0, 1166.5249999999983]
[220.78029895762472, 73.91888929145057, 87.0, 0.0, 1166.5249999999983]
[220.78029895762472, 73.91888929145057, 87.0, 0.0, 1166.5249999999983]
[220.78029895762472, 73.91888929145057, 87.0, 0.0, 1166.5249999999983]
[220.78029895762472, 73.91888929145057, 87.0, 0.0, 1166.5249999999983]
[220.78029895762472, 73.91888929145057, 87.0, 0.0, 1166.5249999999983]
[220.78029895762472, 73.91888929145057, 87.0, 0.0, 1166.5249999999983]
[220.78029895762472, 73.91888929145057, 87.0, 0.0, 1166.5249999999983]
[220.78029895762472, 73.91888929145057, 87.0, 0.0, 1166.5249999999983]
[220.78029895762472, 73.91888929145057, 87.0, 0.0, 1166.5249999999983]
[220.78029895762472, 73.91888929145057, 87.0, 0.0, 1166.5249999999983]
[220.78029895762472, 73.91888929145057, 87.0, 0.0, 1166.5249999999983]
[220.78029895762472, 73.91888929145057, 87.0, 0.0, 1166.5249999999983]
[220.78029895762472, 73.91888929145057, 87.0, 0.0, 1166.5249999999983]
[220.78029895762472, 73.91888929145057, 87.0, 0.0, 1166.5249999999983]
[220.78029895762472, 73.91888929145057, 87.0, 0.0, 1166.5249999999983]
[220.78029895762472, 73.91888929145057, 87.0, 0.0, 1166.5249999999983]
[220.78029895762472, 73.91888929145057, 87.0, 0.0, 1166.5249999999983]
[220.78029895762472, 73.91888929145057, 87.0, 0.0, 1166.5249999999983]
[220.78029895762472, 73.91888929145057, 87.0, 0.0, 1166.5249999999983]
[220.78029895762472, 73.91888929145057, 87.0, 0.0, 1166.5249999999983]
[220.78029895762472, 73.91888929145057, 87.0, 0.0, 1166.5249999999983]
[220.78029895762472, 73.91888929145057, 87.0, 0.0, 1166.5249999999983]
[220.78029895762472, 73.91888929145057, 87.0, 0.0, 1166.5249999999983]
[220.78029895762472, 73.91888929145057, 87.0, 0.0, 1166.5249999999983]
[220.78029895762472, 73.91888929145057, 87.0, 0.0, 1166.5249999999983]
[220.78029895762472, 73.91888929145057, 87.0, 0.0, 1166.5249999999983]
[220.78029895762472, 73.91888929145057, 87.0, 0.0, 1166.5249999999983]
[220.78029895762472, 73.91888929145057, 87.0, 0.0, 1166.5249999999983]
[220.78029895762472, 73.91888929145057, 87.0, 0.0, 1166.5249999999983]
[220.78029895762472, 73.91888929145057, 87.0, 0.0, 1166.5249999999983]
[220.78029895762472, 73.91888929145057, 87.0, 0.0, 1166.5249999999983]
[220.78029895762472, 73.91888929145057, 87.0, 0.0, 1166.5249999999983]
[220.78029895762472, 73.91888929145057, 87.0, 0.0, 1166.5249999999983]
[220.78029895762472, 73.91888929145057, 87.0, 0.0, 1166.5249999999983]
[220.78029895762472, 73.91888929145057, 87.0, 0.0, 1166.5249999999983]
[220.78029895762472, 73.91888929145057, 87.0, 0.0, 1166.5249999999983]
[220.78029895762472, 73.91888929145057, 87.0, 0.0, 1166.5249999999983]
[220.78029895762472, 73.91888929145057, 87.0, 0.0, 1166.5249999999983]
[220.78029895762472, 73.91888929145057, 87.0, 0.0, 1166.5249999999983]
[220.78029895762472, 73.91888929145057, 87.0, 0.0, 1166.5249999999983]
[220.78029895762472, 73.91888929145057, 87.0, 0.0, 1166.5249999999983]
[220.78029895762472, 73.91888929145057, 87.0, 0.0, 1166.5249999999983]
[220.78029895762472, 73.91888929145057, 87.0, 0.0, 1166.5249999999983]
[220.78029895762472, 73.91888929145057, 87.0, 0.0, 1166.5249999999983]
[220.78029895762472, 73.91888929145057, 87.0, 0.0, 1166.5249999999983]
[220.78029895762472, 73.91888929145057, 87.0, 0.0, 1166.5249999999983]
[220.78029895762472, 73.91888929145057, 87.0, 0.0, 1166.5249999999983]
[220.78029895762472, 73.91888929145057, 87.0, 0.0, 1166.5249999999983]
[220.78029895762472, 73.91888929145057, 87.0, 0.0, 1166.5249999999983]
[220.78029895762472, 73.91888929145057, 87.0, 0.0, 1166.5249999999983]
[220.78029895762472, 73.91888929145057, 87.0, 0.0, 1166.5249999999983]
[220.78029895762472, 73.91888929145057, 87.0, 0.0, 1166.5249999999983]
[220.78029895762472, 73.91888929145057, 87.0, 0.0, 1166.5249999999983]
[220.78029895762472, 73.91888929145057, 87.0, 0.0, 1166.5249999999983]
[220.78029895762472, 73.91888929145057, 87.0, 0.0, 1166.5249999999983]
[220.78029895762472, 73.91888929145057, 87.0, 0.0, 1166.5249999999983]
[220.78029895762472, 73.91888929145057, 87.0, 0.0, 1166.5249999999983]
[220.78029895762472, 73.91888929145057, 87.0, 0.0, 1166.5249999999983]
[220.78029895762472, 73.91888929145057, 87.0, 0.0, 1166.5249999999983]
[220.78029895762472, 73.91888929145057, 87.0, 0.0, 1166.5249999999983]
[220.78029895762472, 73.91888929145057, 87.0, 0.0, 1166.5249999999983]
[220.78029895762472, 73.91888929145057, 87.0, 0.0, 1166.5249999999983]
[220.78029895762472, 73.91888929145057, 87.0, 0.0, 1166.5249999999983]
[220.78029895762472, 73.91888929145057, 87.0, 0.0, 1166.5249999999983]
[220.78029895762472, 73.91888929145057, 87.0, 0.0, 1166.5249999999983]
[220.78029895762472, 73.91888929145057, 87.0, 0.0, 1166.5249999999983]
[220.78029895762472, 73.91888929145057, 87.0, 0.0, 1166.5249999999983]
[220.78029895762472, 73.91888929145057, 87.0, 0.0, 1166.5249999999983]
[220.78029895762472, 73.91888929145057, 87.0, 0.0, 1166.5249999999983]
[220.78029895762472, 73.91888929145057, 87.0, 0.0, 1166.5249999999983]
[220.78029895762472, 73.91888929145057, 87.0, 0.0, 1166.5249999999983]
[220.78029895762472, 73.91888929145057, 87.0, 0.0, 1166.5249999999983]
[220.78029895762472, 73.91888929145057, 87.0, 0.0, 1166.5249999999983]
[220.78029895762472, 73.91888929145057, 87.0, 0.0, 1166.5249999999983]
[220.78029895762472, 73.91888929145057, 87.0, 0.0, 1166.5249999999983]
[220.78029895762472, 73.91888929145057, 87.0, 0.0, 1166.5249999999983]
[220.78029895762472, 73.91888929145057, 87.0, 0.0, 1166.5249999999983]
[220.78029895762472, 73.91888929145057, 87.0, 0.0, 1166.5249999999983]
[220.78029895762472, 73.91888929145057, 87.0, 0.0, 1166.5249999999983]
[220.78029895762472, 73.91888929145057, 87.0, 0.0, 1166.5249999999983]
[220.78029895762472, 73.91888929145057, 87.0, 0.0, 1166.5249999999983]
[220.78029895762472, 73.91888929145057, 87.0, 0.0, 1166.5249999999983]
[220.78029895762472, 73.91888929145057, 87.0, 0.0, 1166.5249999999983]
[220.78029895762472, 73.91888929145057, 87.0, 0.0, 1166.5249999999983]
[220.78029895762472, 73.91888929145057, 87.0, 0.0, 1166.5249999999983]
[220.78029895762472, 73.91888929145057, 87.0, 0.0, 1166.5249999999983]
[220.78029895762472, 73.91888929145057, 87.0, 0.0, 1166.5249999999983]
[220.78029895762472, 73.91888929145057, 87.0, 0.0, 1166.5249999999983]
[220.78029895762472, 73.91888929145057, 87.0, 0.0, 1166.5249999999983]
[220.78029895762472, 73.91888929145057, 87.0, 0.0, 1166.5249999999983]
[220.78029895762472, 73.91888929145057, 87.0, 0.0, 1166.5249999999983]
[220.78029895762472, 73.91888929145057, 87.0, 0.0, 1166.5249999999983]
[220.78029895762472, 73.91888929145057, 87.0, 0.0, 1166.5249999999983]
[220.78029895762472, 73.91888929145057, 87.0, 0.0, 1166.5249999999983]
[220.78029895762472, 73.91888929145057, 87.0, 0.0, 1166.5249999999983]
[220.78029895762472, 73.91888929145057, 87.0, 0.0, 1166.5249999999983]
[220.78029895762472, 73.91888929145057, 87.0, 0.0, 1166.5249999999983]
[220.78029895762472, 73.91888929145057, 87.0, 0.0, 1166.5249999999983]
[220.78029895762472, 73.91888929145057, 87.0, 0.0, 1166.5249999999983]
[220.78029895762472, 73.91888929145057, 87.0, 0.0, 1166.5249999999983]
[220.78029895762472, 73.91888929145057, 87.0, 0.0, 1166.5249999999983]
[220.78029895762472, 73.91888929145057, 87.0, 0.0, 1166.5249999999983]
[220.78029895762472, 73.91888929145057, 87.0, 0.0, 1166.5249999999983]
[220.78029895762472, 73.91888929145057, 87.0, 0.0, 1166.5249999999983]
[220.78029895762472, 73.91888929145057, 87.0, 0.0, 1166.5249999999983]
[220.78029895762472, 73.91888929145057, 87.0, 0.0, 1166.5249999999983]
[220.78029895762472, 73.91888929145057, 87.0, 0.0, 1166.5249999999983]
[220.78029895762472, 73.91888929145057, 87.0, 0.0, 1166.5249999999983]
[220.78029895762472, 73.91888929145057, 87.0, 0.0, 1166.5249999999983]
[220.78029895762472, 73.91888929145057, 87.0, 0.0, 1166.5249999999983]
[220.78029895762472, 73.91888929145057, 87.0, 0.0, 1166.5249999999983]
[220.78029895762472, 73.91888929145057, 87.0, 0.0, 1166.5249999999983]
[220.78029895762472, 73.91888929145057, 87.0, 0.0, 1166.5249999999983]
[220.78029895762472, 73.91888929145057, 87.0, 0.0, 1166.5249999999983]
[220.78029895762472, 73.91888929145057, 87.0, 0.0, 1166.5249999999983]
[220.78029895762472, 73.91888929145057, 87.0, 0.0, 1166.5249999999983]
[220.78029895762472, 73.91888929145057, 87.0, 0.0, 1166.5249999999983]
[220.78029895762472, 73.91888929145057, 87.0, 0.0, 1166.5249999999983]
[220.78029895762472, 73.91888929145057, 87.0, 0.0, 1166.5249999999983]
[220.78029895762472, 73.91888929145057, 87.0, 0.0, 1166.5249999999983]
[220.78029895762472, 73.91888929145057, 87.0, 0.0, 1166.5249999999983]
[220.78029895762472, 73.91888929145057, 87.0, 0.0, 1166.5249999999983]
[220.78029895762472, 73.91888929145057, 87.0, 0.0, 1166.5249999999983]
[220.78029895762472, 73.91888929145057, 87.0, 0.0, 1166.5249999999983]
[220.78029895762472, 73.91888929145057, 87.0, 0.0, 1166.5249999999983]
[220.78029895762472, 73.91888929145057, 87.0, 0.0, 1166.5249999999983]
[220.78029895762472, 73.91888929145057, 87.0, 0.0, 1166.5249999999983]
[220.78029895762472, 73.91888929145057, 87.0, 0.0, 1166.5249999999983]
[220.78029895762472, 73.91888929145057, 87.0, 0.0, 1166.5249999999983]
[220.78029895762472, 73.91888929145057, 87.0, 0.0, 1166.5249999999983]
[220.78029895762472, 73.91888929145057, 87.0, 0.0, 1166.5249999999983]
[220.78029895762472, 73.91888929145057, 87.0, 0.0, 1166.5249999999983]
[220.78029895762472, 73.91888929145057, 87.0, 0.0, 1166.5249999999983]
[220.78029895762472, 73.91888929145057, 87.0, 0.0, 1166.5249999999983]
[220.78029895762472, 73.91888929145057, 87.0, 0.0, 1166.5249999999983]
[220.78029895762472, 73.91888929145057, 87.0, 0.0, 1166.5249999999983]
[220.78029895762472, 73.91888929145057, 87.0, 0.0, 1166.5249999999983]
[220.78029895762472, 73.91888929145057, 87.0, 0.0, 1166.5249999999983]
[220.78029895762472, 73.91888929145057, 87.0, 0.0, 1166.5249999999983]
[220.78029895762472, 73.91888929145057, 87.0, 0.0, 1166.5249999999983]
[220.78029895762472, 73.91888929145057, 87.0, 0.0, 1166.5249999999983]
[220.78029895762472, 73.91888929145057, 87.0, 0.0, 1166.5249999999983]
[220.78029895762472, 73.91888929145057, 87.0, 0.0, 1166.5249999999983]
[220.78029895762472, 73.91888929145057, 87.0, 0.0, 1166.5249999999983]
[220.78029895762472, 73.91888929145057, 87.0, 0.0, 1166.5249999999983]
[220.78029895762472, 73.91888929145057, 87.0, 0.0, 1166.5249999999983]
[220.78029895762472, 73.91888929145057, 87.0, 0.0, 1166.5249999999983]
[220.78029895762472, 73.91888929145057, 87.0, 0.0, 1166.5249999999983]
[220.78029895762472, 73.91888929145057, 87.0, 0.0, 1166.5249999999983]
[220.78029895762472, 73.91888929145057, 87.0, 0.0, 1166.5249999999983]
[220.78029895762472, 73.91888929145057, 87.0, 0.0, 1166.5249999999983]
[220.78029895762472, 73.91888929145057, 87.0, 0.0, 1166.5249999999983]
[220.78029895762472, 73.91888929145057, 87.0, 0.0, 1166.5249999999983]
[220.78029895762472, 73.91888929145057, 87.0, 0.0, 1166.5249999999983]
[220.78029895762472, 73.91888929145057, 87.0, 0.0, 1166.5249999999983]
[220.78029895762472, 73.91888929145057, 87.0, 0.0, 1166.5249999999983]
[220.78029895762472, 73.91888929145057, 87.0, 0.0, 1166.5249999999983]
[220.78029895762472, 73.91888929145057, 87.0, 0.0, 1166.5249999999983]
[220.78029895762472, 73.91888929145057, 87.0, 0.0, 1166.5249999999983]
[220.78029895762472, 73.91888929145057, 87.0, 0.0, 1166.5249999999983]
[220.78029895762472, 73.91888929145057, 87.0, 0.0, 1166.5249999999983]
[220.78029895762472, 73.91888929145057, 87.0, 0.0, 1166.5249999999983]
[220.78029895762472, 73.91888929145057, 87.0, 0.0, 1166.5249999999983]
[220.78029895762472, 73.91888929145057, 87.0, 0.0, 1166.5249999999983]
[220.78029895762472, 73.91888929145057, 87.0, 0.0, 1166.5249999999983]
[220.78029895762472, 73.91888929145057, 87.0, 0.0, 1166.5249999999983]
[220.78029895762472, 73.91888929145057, 87.0, 0.0, 1166.5249999999983]
[220.78029895762472, 73.91888929145057, 87.0, 0.0, 1166.5249999999983]
[220.78029895762472, 73.91888929145057, 87.0, 0.0, 1166.5249999999983]
[220.78029895762472, 73.91888929145057, 87.0, 0.0, 1166.5249999999983]
[220.78029895762472, 73.91888929145057, 87.0, 0.0, 1166.5249999999983]
[220.78029895762472, 73.91888929145057, 87.0, 0.0, 1166.5249999999983]
[220.78029895762472, 73.91888929145057, 87.0, 0.0, 1166.5249999999983]
[220.78029895762472, 73.91888929145057, 87.0, 0.0, 1166.5249999999983]
[220.78029895762472, 73.91888929145057, 87.0, 0.0, 1166.5249999999983]
[220.78029895762472, 73.91888929145057, 87.0, 0.0, 1166.5249999999983]
[220.78029895762472, 73.91888929145057, 87.0, 0.0, 1166.5249999999983]
[220.78029895762472, 73.91888929145057, 87.0, 0.0, 1166.5249999999983]
[220.78029895762472, 73.91888929145057, 87.0, 0.0, 1166.5249999999983]
[220.78029895762472, 73.91888929145057, 87.0, 0.0, 1166.5249999999983]
[220.78029895762472, 73.91888929145057, 87.0, 0.0, 1166.5249999999983]
[220.78029895762472, 73.91888929145057, 87.0, 0.0, 1166.5249999999983]
[220.78029895762472, 73.91888929145057, 87.0, 0.0, 1166.5249999999983]
[220.78029895762472, 73.91888929145057, 87.0, 0.0, 1166.5249999999983]
[220.78029895762472, 73.91888929145057, 87.0, 0.0, 1166.5249999999983]
[220.78029895762472, 73.91888929145057, 87.0, 0.0, 1166.5249999999983]
[220.78029895762472, 73.91888929145057, 87.0, 0.0, 1166.5249999999983]
[220.78029895762472, 73.91888929145057, 87.0, 0.0, 1166.5249999999983]
[220.78029895762472, 73.91888929145057, 87.0, 0.0, 1166.5249999999983]
[220.78029895762472, 73.91888929145057, 87.0, 0.0, 1166.5249999999983]
[220.78029895762472, 73.91888929145057, 87.0, 0.0, 1166.5249999999983]
[220.78029895762472, 73.91888929145057, 87.0, 0.0, 1166.5249999999983]
[220.78029895762472, 73.91888929145057, 87.0, 0.0, 1166.5249999999983]
[220.78029895762472, 73.91888929145057, 87.0, 0.0, 1166.5249999999983]
[220.78029895762472, 73.91888929145057, 87.0, 0.0, 1166.5249999999983]
