[100.0, 102.8, 0.0, 1.2, 1198.05]
[100.0, 104.1, 0.0, 1.3, 1197.725]
[100.0, 105.5, 0.0, 1.4000000000000001, 1197.375]
[100.0, 107.0, 0.0, 1.5000000000000002, 1197.0]
[100.0, 108.6, 0.0, 1.6000000000000003, 1196.6]
[100.0, 110.3, 0.0, 1.7000000000000004, 1196.175]
[100.0, 112.1, 0.0, 1.8000000000000005, 1195.725]
[100.0, 114.0, 0.0, 1.9000000000000006, 1195.25]
[100.0, 116.0, 0.0, 2.0000000000000004, 1194.75]
[100.0, 118.1, 0.0, 2.1000000000000005, 1194.225]
[100.0, 120.3, 0.0, 2.2000000000000006, 1193.675]
[100.0, 122.6, 0.0, 2.3000000000000007, 1193.1]
[100.0, 125.0, 0.0, 2.400000000000001, 1192.5]
[100.0, 127.5, 0.0, 2.500000000000001, 1191.875]
[100.0, 130.1, 0.0, 2.600000000000001, 1191.225]
[100.0, 132.79999999999998, 0.0, 2.700000000000001, 1190.55]
[100.0, 135.6, 0.0, 2.800000000000001, 1189.85]
[100.0, 138.5, 0.0, 2.9000000000000012, 1189.125]
[100.0, 141.5, 0.0, 3.0000000000000013, 1188.375]
[100.0, 144.6, 0.0, 3.1000000000000014, 1187.6]
[100.0, 147.79999999999998, 0.0, 3.2000000000000015, 1186.8]
[100.0, 151.1, 0.0, 3.3000000000000016, 1185.975]
[100.0, 154.5, 0.0, 3.4000000000000017, 1185.125]
[100.0, 158.0, 0.0, 3.5000000000000018, 1184.25]
[100.0, 161.6, 0.0, 3.600000000000002, 1183.35]
[100.0, 165.29999999999998, 0.0, 3.700000000000002, 1182.425]
[100.0, 169.1, 0.0, 3.800000000000002, 1181.475]
[100.0, 173.0, 0.0, 3.900000000000002, 1180.5]
[100.0, 177.0, 0.0, 4.000000000000002, 1179.5]
[100.0, 181.1, 0.0, 4.100000000000001, 1178.475]
[100.0, 185.29999999999998, 0.0, 4.200000000000001, 1177.425]
[100.0, 189.6, 0.0, 4.300000000000001, 1176.35]
[100.0, 193.9, 3.0, 4.300000000000001, 1175.2749999999999]
[99.77495538815535, 198.19410699944467, 6.0, 4.300000000000001, 1174.1999999999998]
[99.31503014977767, 202.57000333906507, 6.0, 4.4, 1173.1]
[98.84465206507323, 207.0453518682223, 6.0, 4.5, 1171.975]
[98.36382113404203, 211.62015258691636, 6.0, 4.6, 1170.8249999999998]
[97.87253735668405, 216.29440549514726, 6.0, 4.699999999999999, 1169.6499999999999]
[97.37080073299931, 221.06811059291496, 6.0, 4.799999999999999, 1168.4499999999998]
[96.85861126298781, 225.9412678802195, 6.0, 4.899999999999999, 1167.225]
[96.33596894664954, 230.91387735706087, 6.0, 4.999999999999998, 1165.975]
[95.81332663031128, 235.88648683390224, 6.0, 5.0, 1164.725]
[95.29068431397302, 240.8590963107436, 3.0, 5.0, 1163.475]
[95.0290045327583, 245.8522439845165, 0.0, 5.0, 1162.225]
[95.0290045327583, 250.8522439845165, -3.0, 5.0, 1160.975]
[95.29068431397302, 255.84539165828937, -3.0, 5.0, 1159.725]
[95.55236409518774, 260.8385393320622, -3.0, 5.0, 1158.475]
[95.81404387640247, 265.8316870058351, -3.0, 5.0, 1157.225]
[96.07572365761719, 270.82483467960793, -3.0, 5.0, 1155.975]
[96.33740343883191, 275.8179823533808, -3.0, 5.0, 1154.725]
[96.59908322004664, 280.81113002715364, -3.0, 5.0, 1153.475]
[96.86076300126136, 285.8042777009265, -3.0, 5.0, 1152.225]
[97.12244278247609, 290.79742537469934, -3.0, 5.0, 1150.975]
[97.38412256369081, 295.7905730484722, -3.0, 5.0, 1149.725]
[97.64580234490553, 300.78372072224505, -3.0, 5.0, 1148.475]
[97.90748212612026, 305.7768683960179, -3.0, 5.0, 1147.225]
[98.16916190733498, 310.77001606979076, -3.0, 5.0, 1145.975]
[98.4308416885497, 315.7631637435636, -3.0, 5.0, 1144.725]
[98.69252146976443, 320.75631141733646, -3.0, 5.0, 1143.475]
[98.95420125097915, 325.7494590911093, -3.0, 5.0, 1142.225]
[99.21588103219388, 330.74260676488217, -3.0, 5.0, 1140.975]
[99.4775608134086, 335.735754438655, -3.0, 5.0, 1139.725]
[99.73924059462333, 340.7289021124279, -3.0, 5.0, 1138.475]
[100.00092037583805, 345.7220497862007, -3.0, 5.0, 1137.225]
[100.26260015705277, 350.7151974599736, -3.0, 5.0, 1135.975]
[100.5242799382675, 355.70834513374643, -3.0, 5.0, 1134.725]
[100.78595971948222, 360.7014928075193, -3.0, 5.0, 1133.475]
[101.04763950069695, 365.69464048129214, -3.0, 5.0, 1132.225]
[101.30931928191167, 370.687788155065, -3.0, 5.0, 1130.975]
[101.5709990631264, 375.68093582883785, -3.0, 5.0, 1129.725]
[101.83267884434112, 380.6740835026107, -3.0, 5.0, 1128.475]
[102.09435862555584, 385.66723117638355, -3.0, 5.0, 1127.225]
[102.35603840677057, 390.6603788501564, 0.0, 5.0, 1125.975]
[102.35603840677057, 395.6603788501564, 3.0, 5.0, 1124.725]
[102.09435862555584, 400.65352652392926, 6.0, 5.0, 1123.475]
[101.57171630921758, 405.6261360007706, 9.0, 5.0, 1122.225]
[100.78954398401642, 410.5645777037463, 12.0, 5.0, 1120.975]
[99.74998552992763, 415.4553157074153, 15.0, 5.0, 1119.725]
[98.45589030441502, 420.28494483886067, 15.0, 5.0, 1118.475]
[97.16179507890241, 425.114573970306, 15.0, 5.0, 1117.225]
[95.86769985338981, 429.9442031017514, 15.0, 5.0, 1115.975]
[94.5736046278772, 434.77383223319674, 15.0, 5.0, 1114.725]
[93.2795094023646, 439.6034613646421, 15.0, 5.0, 1113.475]
[91.98541417685199, 444.43309049608746, 15.0, 5.0, 1112.225]
[90.69131895133938, 449.2627196275328, 15.0, 5.0, 1110.975]
[89.39722372582678, 454.0923487589782, 15.0, 5.0, 1109.725]
[88.10312850031417, 458.92197789042353, 15.0, 5.0, 1108.475]
[86.80903327480156, 463.7516070218689, 15.0, 5.0, 1107.225]
[85.51493804928896, 468.58123615331425, 15.0, 5.0, 1105.975]
[84.22084282377635, 473.4108652847596, 15.0, 5.0, 1104.725]
[82.92674759826374, 478.24049441620497, 15.0, 5.0, 1103.475]
[81.63265237275114, 483.0701235476503, 15.0, 5.0, 1102.225]
[80.33855714723853, 487.8997526790957, 12.0, 5.0, 1100.975]
[79.29899869314974, 492.7904906827647, 9.0, 5.0, 1099.725]
[78.51682636794858, 497.7289323857404, 6.0, 5.0, 1098.475]
[77.99418405161032, 502.70154186258173, 6.0, 5.0, 1097.225]
[77.47154173527206, 507.6741513394231, 6.0, 5.0, 1095.975]
[76.94889941893379, 512.6467608162644, 6.0, 5.0, 1094.725]
[76.42625710259553, 517.6193702931058, 6.0, 5.0, 1093.475]
[75.90361478625726, 522.5919797699472, 6.0, 5.0, 1092.225]
[75.380972469919, 527.5645892467886, 6.0, 5.0, 1090.975]
[74.85833015358074, 532.53719872363, 6.0, 5.0, 1089.725]
[74.33568783724247, 537.5098082004714, 6.0, 5.0, 1088.475]
[73.81304552090421, 542.4824176773128, 6.0, 5.0, 1087.225]
[73.29040320456595, 547.4550271541542, 6.0, 5.0, 1085.975]
[72.76776088822768, 552.4276366309956, 6.0, 5.0, 1084.725]
[72.24511857188942, 557.400246107837, 6.0, 5.0, 1083.475]
[71.72247625555116, 562.3728555846784, 6.0, 5.0, 1082.225]
[71.1998339392129, 567.3454650615198, 6.0, 5.0, 1080.975]
[70.67719162287463, 572.3180745383612, 6.0, 5.0, 1079.725]
[70.15454930653637, 577.2906840152026, 6.0, 5.0, 1078.475]
[69.6319069901981, 582.263293492044, 6.0, 5.0, 1077.225]
[69.10926467385984, 587.2359029688854, 6.0, 5.0, 1075.975]
[68.58662235752158, 592.2085124457268, 6.0, 5.0, 1074.725]
[68.06398004118331, 597.1811219225682, 6.0, 5.0, 1073.475]
[67.54133772484505, 602.1537313994096, 6.0, 5.0, 1072.225]
[67.01869540850679, 607.126340876251, 6.0, 5.0, 1070.975]
[66.49605309216852, 612.0989503530924, 6.0, 5.0, 1069.725]
[65.97341077583026, 617.0715598299338, 6.0, 5.0, 1068.475]
[65.450768459492, 622.0441693067752, 3.0, 5.0, 1067.225]
[65.18908867827727, 627.0373169805481, 0.0, 5.0, 1065.975]
[65.18908867827727, 632.0373169805481, -3.0, 5.0, 1064.725]
[65.450768459492, 637.030464654321, -6.0, 5.0, 1063.475]
[65.97341077583027, 642.0030741311624, -9.0, 5.0, 1062.225]
[66.75558310103143, 646.941515834138, -12.0, 5.0, 1060.975]
[67.79514155512024, 651.8322538378071, -15.0, 5.0, 1059.725]
[69.08923678063285, 656.6618829692525, -18.0, 5.0, 1058.475]
[70.63432175250759, 661.4171655507282, -21.0, 5.0, 1057.225]
[72.42616150023409, 666.0850676832142, -24.0, 5.0, 1055.975]
[74.45984471561309, 670.6527949714272, -27.0, 5.0, 1054.725]
[76.72979721431082, 675.1078275923691, -30.0, 5.0, 1053.475]
[79.22979721431082, 679.4379546112913, -33.0, 5.0, 1052.225]
[81.95299238938595, 683.6313074510184, -36.0, 5.0, 1050.975]
[84.89191865084833, 687.6763924228932, -39.0, 5.0, 1049.725]
[88.0385206060975, 691.562122230178, -42.0, 5.0, 1048.475]
[91.3841736378918, 695.277846357565, -45.0, 5.0, 1047.225]
[94.91970754382454, 698.8133802634977, -48.0, 5.0, 1045.975]
[98.6354316712115, 702.159033295292, -51.0, 5.0, 1044.725]
[94.74970186392665, 699.0124313400429, -51.0, 0.0, 1044.6625]
[94.74970186392665, 699.0124313400429, -54.0, 0.0, 1044.6]
[94.74970186392665, 699.0124313400429, -57.0, 0.0, 1044.5375]
[94.74970186392665, 699.0124313400429, -60.0, 0.0, 1044.475]
[94.74970186392665, 699.0124313400429, -63.0, 0.0, 1044.4125]
[94.74970186392665, 699.0124313400429, -66.0, 0.0, 1044.35]
[94.74970186392665, 699.0124313400429, -69.0, 0.0, 1044.2875]
[94.74970186392665, 699.0124313400429, -72.0, 0.0, 1044.225]
[94.74970186392665, 699.0124313400429, -75.0, 0.0, 1044.1625]
[94.74970186392665, 699.0124313400429, -78.0, 0.0, 1044.1]
[94.74970186392665, 699.0124313400429, -81.0, 0.0, 1044.0375]
[94.74970186392665, 699.0124313400429, -84.0, 0.0, 1043.975]
[94.74970186392665, 699.0124313400429, -87.0, 0.0, 1043.9125]
[94.8495648174021, 699.0176649356672, -87.0, 0.1, 1043.8874999999998]
[95.04929072435301, 699.0281321269158, -87.0, 0.2, 1043.8374999999999]
[95.34887958477938, 699.0438329137887, -87.0, 0.30000000000000004, 1043.7624999999998]
[95.74833139868122, 699.0647672962859, -87.0, 0.4, 1043.6625]
[96.2476461660585, 699.0909352744075, -87.0, 0.5, 1043.5375]
[96.84682388691125, 699.1223368481532, -87.0, 0.6, 1043.3874999999998]
[97.54586456123945, 699.1589720175232, -87.0, 0.7, 1043.2124999999999]
[98.34476818904311, 699.2008407825175, -87.0, 0.7999999999999999, 1043.0124999999998]
[99.24353477032223, 699.2479431431361, -87.0, 0.8999999999999999, 1042.7875]
[100.2421643050768, 699.300279099379, -87.0, 0.9999999999999999, 1042.5375]
[101.34065679330683, 699.3578486512463, -87.0, 1.0999999999999999, 1042.2624999999998]
[102.53901223501232, 699.4206517987378, -87.0, 1.2, 1041.9624999999999]
[103.83723063019326, 699.4886885418537, -87.0, 1.3, 1041.6374999999998]
[105.23531197884967, 699.5619588805938, -87.0, 1.4000000000000001, 1041.2875]
[106.73325628098152, 699.6404628149583, -87.0, 1.5000000000000002, 1040.9125]
[108.33106353658884, 699.724200344947, -87.0, 1.6000000000000003, 1040.5124999999998]
[110.02873374567162, 699.8131714705601, -87.0, 1.7000000000000004, 1040.0874999999999]
[111.82626690822985, 699.9073761917973, -87.0, 1.8000000000000005, 1039.6374999999998]
[113.72366302426354, 700.0068145086589, -87.0, 1.9000000000000006, 1039.1625]
[115.72092209377269, 700.1114864211447, -87.0, 2.0000000000000004, 1038.6625]
[117.81804411675729, 700.2213919292549, -87.0, 2.1000000000000005, 1038.1374999999998]
[120.01502909321735, 700.3365310329893, -87.0, 2.2000000000000006, 1037.5874999999999]
[122.31187702315287, 700.4569037323481, -87.0, 2.3000000000000007, 1037.0124999999998]
[124.70858790656385, 700.5825100273312, -87.0, 2.400000000000001, 1036.4125]
[127.20516174345029, 700.7133499179386, -87.0, 2.500000000000001, 1035.7875]
[129.80159853381218, 700.8494234041702, -87.0, 2.600000000000001, 1035.1374999999998]
[132.49789827764954, 700.9907304860262, -87.0, 2.700000000000001, 1034.4624999999999]
[135.29406097496235, 701.1372711635065, -87.0, 2.800000000000001, 1033.7624999999998]
[138.1900866257506, 701.289045436611, -87.0, 2.9000000000000012, 1033.0375]
[141.18597523001432, 701.4460533053398, -87.0, 3.0000000000000013, 1032.2875]
[144.2817267877535, 701.6082947696929, -87.0, 3.1000000000000014, 1031.5124999999998]
[147.47734129896816, 701.7757698296703, -87.0, 3.2000000000000015, 1030.7124999999999]
[150.77281876365825, 701.948478485272, -87.0, 3.3000000000000016, 1029.8874999999998]
[154.1681591818238, 702.126420736498, -87.0, 3.4000000000000017, 1029.0375]
[157.6633625534648, 702.3095965833483, -87.0, 3.5000000000000018, 1028.1625]
[161.25842887858127, 702.4980060258229, -87.0, 3.600000000000002, 1027.2624999999998]
[164.9533581571732, 702.6916490639218, -87.0, 3.700000000000002, 1026.3374999999999]
[168.74815038924058, 702.890525697645, -87.0, 3.800000000000002, 1025.3874999999998]
[172.6428055747834, 703.0946359269925, -87.0, 3.900000000000002, 1024.4125]
[176.63732371380172, 703.3039797519643, -87.0, 4.000000000000002, 1023.4124999999999]
[180.63184185282003, 703.5133235769362, -90.0, 4.000000000000002, 1022.4124999999999]
[184.63184185282003, 703.5133235769362, -93.0, 4.000000000000002, 1021.4124999999999]
[188.62635999183834, 703.3039797519643, -96.0, 4.000000000000002, 1020.4124999999999]
[192.60444757331143, 702.8858658988937, -99.0, 4.000000000000002, 1019.4124999999999]
[196.55520093569197, 702.2601280387328, -102.0, 4.000000000000002, 1018.4124999999999]
[200.4677913386272, 701.4284812754618, -105.0, 4.000000000000002, 1017.4124999999999]
[204.33149464378346, 700.3932050950517, -108.0, 4.000000000000002, 1016.4124999999999]
[208.13572070896407, 699.1571371175519, -111.0, 4.000000000000002, 1015.4124999999999]
[211.87004241495288, 697.7236653193706, -114.0, 4.000000000000002, 1014.4124999999999]
[215.52422424552327, 696.0967187470675, -117.0, 4.000000000000002, 1013.4124999999999]
[219.08825034227675, 694.2807567481093, -120.0, 4.000000000000002, 1012.4124999999999]
[222.55235195741452, 692.2807567481093, -123.0, 4.000000000000002, 1011.4124999999999]
[225.9070342291962, 690.1022006080492, -126.0, 4.000000000000002, 1010.4124999999999]
[229.143102206696, 687.7510595988794, -129.0, 4.000000000000002, 1009.4124999999999]
[232.2516860525239, 685.23377803468, -132.0, 4.000000000000002, 1008.4124999999999]
[235.22426535443347, 682.5572556092445, -135.0, 4.000000000000002, 1007.4124999999999]
[238.05269247917965, 679.7288284844983, -138.0, 4.000000000000002, 1006.4124999999999]
[240.72921490461508, 676.7562491825887, -141.0, 4.000000000000002, 1005.4124999999999]
[243.24649646881443, 673.6476653367608, -144.0, 4.000000000000002, 1004.4124999999999]
[245.5976374779843, 670.411597359261, -147.0, 4.000000000000002, 1003.4124999999999]
[247.7761936180444, 667.0569150874793, -150.0, 4.000000000000002, 1002.4124999999999]
[249.7761936180444, 663.5928134723415, -153.0, 4.000000000000002, 1001.4124999999999]
[251.5921556170026, 660.0287873755881, -156.0, 4.000000000000002, 1000.4124999999999]
[253.2191021893058, 656.3746055450176, -159.0, 4.000000000000002, 999.4124999999999]
[254.65257398748702, 652.6402838390288, -162.0, 4.000000000000002, 998.4124999999999]
[255.88864196498682, 648.8360577738482, -165.0, 4.000000000000002, 997.4124999999999]
[256.9239181453969, 644.972354468692, -168.0, 4.000000000000002, 996.4124999999999]
[257.7555649086679, 641.0597640657567, -171.0, 4.000000000000002, 995.4124999999999]
[258.38130276882885, 637.1090107033762, -174.0, 4.000000000000002, 994.4124999999999]
[258.8098694682262, 633.0314709323662, -174.0, 4.100000000000001, 993.3874999999999]
[259.24888901395036, 628.8544789718195, -174.0, 4.200000000000001, 992.3375]
[259.69836140600125, 624.578034821736, -174.0, 4.300000000000001, 991.2624999999999]
[260.1582866443789, 620.2021384821155, -174.0, 4.4, 990.1624999999999]
[260.62866472908337, 615.7267899529583, -174.0, 4.5, 989.0374999999999]
[261.1094956601146, 611.1519892342642, -174.0, 4.6, 987.8874999999999]
[261.60077943747257, 606.4777363260333, -174.0, 4.699999999999999, 986.7125]
[262.1025160611573, 601.7040312282656, -174.0, 4.799999999999999, 985.5124999999999]
[262.60425268484204, 596.930326130498, -171.0, 4.799999999999999, 984.3124999999999]
[263.35513811703515, 592.1894220956414, -168.0, 4.799999999999999, 983.1124999999998]
[264.3531142329604, 587.4943136121191, -165.0, 4.799999999999999, 981.9124999999998]
[265.59544564945253, 582.8578696459316, -162.0, 4.799999999999999, 980.7124999999997]
[267.0787272224523, 578.2927983677149, -159.0, 4.799999999999999, 979.5124999999997]
[268.79889338026976, 573.8116123205283, -156.0, 4.799999999999999, 978.3124999999997]
[270.7512292670336, 569.4265941238439, -153.0, 4.799999999999999, 977.1124999999996]
[272.9303836657834, 565.1497628077396, -150.0, 4.799999999999999, 975.9124999999996]
[275.33038366578336, 560.9928408695744, -147.0, 4.799999999999999, 974.7124999999995]
[277.9446510338555, 556.9672221434363, -144.0, 4.799999999999999, 973.5124999999995]
[280.76602024485936, 553.0839405704365, -141.0, 4.799999999999999, 972.3124999999994]
[283.7867581218986, 549.3536399554431, -138.0, 4.799999999999999, 971.1124999999994]
[286.9985850324211, 545.7865447931516, -135.0, 4.799999999999999, 969.9124999999993]
[290.3926975821165, 542.3924322434561, -132.0, 4.799999999999999, 968.7124999999993]
[293.959792744408, 539.1806053329336, -129.0, 4.799999999999999, 967.5124999999992]
[297.69009335940143, 536.1598674558944, -126.0, 4.799999999999999, 966.3124999999992]
[301.5733749324012, 533.3384982448905, -123.0, 4.799999999999999, 965.1124999999992]
[305.5989936585392, 530.7242308768184, -120.0, 4.799999999999999, 963.9124999999991]
[301.4420717203739, 533.1242308768184, -120.0, 0.0, 963.8499999999991]
[301.4420717203739, 533.1242308768184, -117.0, 0.0, 963.7874999999991]
[301.4420717203739, 533.1242308768184, -114.0, 0.0, 963.7249999999991]
[301.4420717203739, 533.1242308768184, -111.0, 0.0, 963.6624999999991]
[301.4420717203739, 533.1242308768184, -108.0, 0.0, 963.5999999999991]
[301.4420717203739, 533.1242308768184, -105.0, 0.0, 963.5374999999991]
[301.4420717203739, 533.1242308768184, -102.0, 0.0, 963.4749999999991]
[301.5398864804473, 533.1034397077366, -102.0, 0.1, 963.4499999999991]
[301.7355160005941, 533.061857369573, -102.0, 0.2, 963.3999999999992]
[302.0289602808142, 532.9994838623277, -102.0, 0.30000000000000004, 963.3249999999991]
[302.4202193211077, 532.9163191860006, -102.0, 0.4, 963.2249999999991]
[302.9092931214746, 532.8123633405917, -102.0, 0.5, 963.0999999999991]
[303.4961816819149, 532.687616326101, -102.0, 0.6, 962.9499999999991]
[304.18088500242857, 532.5420781425286, -102.0, 0.7, 962.7749999999992]
[304.96340308301563, 532.3757487898744, -102.0, 0.7999999999999999, 962.5749999999991]
[305.84373592367604, 532.1886282681384, -102.0, 0.8999999999999999, 962.3499999999991]
[306.8218835244098, 531.9807165773205, -102.0, 0.9999999999999999, 962.0999999999991]
[307.897845885217, 531.752013717421, -102.0, 1.0999999999999999, 961.8249999999991]
[306.72406876433644, 532.0015077464024, -105.0, 0.0, 961.7624999999991]
[306.72406876433644, 532.0015077464024, -105.0, 0.0, 961.6999999999991]
[306.72406876433644, 532.0015077464024, -105.0, 0.0, 961.6374999999991]
[306.8206613469653, 531.9756258418921, -102.0, 0.1, 961.6124999999992]
[307.0162908671121, 531.9340435037285, -102.0, 0.2, 961.5624999999992]
[307.3097351473322, 531.8716699964832, -102.0, 0.30000000000000004, 961.4874999999992]
[307.0162908671121, 531.9340435037285, -102.0, 0.1, 961.4624999999992]
[307.0162908671121, 531.9340435037285, -105.0, 0.0, 961.3999999999992]
[307.0162908671121, 531.9340435037285, -105.0, 0.0, 961.3374999999992]
[307.0162908671121, 531.9340435037285, -105.0, 0.0, 961.2749999999992]
[307.0162908671121, 531.9340435037285, -105.0, 0.0, 961.2124999999992]
[307.0162908671121, 531.9340435037285, -102.0, 0.0, 961.1499999999992]
[306.9184761070387, 531.9548346728103, -102.0, 0.1, 961.1249999999992]
[306.72284658689193, 531.9964170109739, -102.0, 0.2, 961.0749999999992]
[306.4294023066718, 532.0587905182192, -102.0, 0.30000000000000004, 960.9999999999992]
[306.0381432663783, 532.1419551945463, -102.0, 0.4, 960.8999999999992]
[305.5490694660114, 532.2459110399552, -102.0, 0.5, 960.7749999999992]
[304.96218090557113, 532.3706580544459, -102.0, 0.6, 960.6249999999992]
[304.27747758505745, 532.5161962380183, -102.0, 0.7, 960.4499999999992]
[303.4949595044704, 532.6825255906725, -102.0, 0.7999999999999999, 960.2499999999992]
[302.61462666381, 532.8696461124085, -102.0, 0.8999999999999999, 960.0249999999992]
[301.6364790630762, 533.0775578032263, -102.0, 0.9999999999999999, 959.7749999999992]
[300.560516702269, 533.3062606631258, -102.0, 1.0999999999999999, 959.4999999999992]
[299.38673958138844, 533.5557546921071, -102.0, 1.2, 959.1999999999992]
[298.1151477004345, 533.8260398901703, -102.0, 1.3, 958.8749999999992]
[296.7457410594071, 534.1171162573152, -102.0, 1.4000000000000001, 958.5249999999992]
[295.27851965830644, 534.4289837935418, -102.0, 1.5000000000000002, 958.1499999999992]
[293.71348349713236, 534.7616424988502, -102.0, 1.6000000000000003, 957.7499999999992]
[292.0506325758849, 535.1150923732404, -102.0, 1.7000000000000004, 957.3249999999992]
[290.28996689456403, 535.4893334167124, -102.0, 1.8000000000000005, 956.8749999999992]
[288.4314864531698, 535.8843656292661, -102.0, 1.9000000000000006, 956.3999999999992]
[286.47519125170214, 536.3001890109016, -102.0, 2.0000000000000004, 955.8999999999992]
[284.42108129016117, 536.7368035616189, -102.0, 2.1000000000000005, 955.3749999999992]
[282.46478608869353, 537.1526269432544, -102.0, 2.0000000000000004, 954.8749999999992]
[280.6063056472993, 537.5476591558081, -102.0, 1.9000000000000004, 954.3999999999992]
[278.8456399659784, 537.9219001992801, -105.0, 1.8000000000000003, 953.9499999999991]
[277.203566061287, 538.3618925759544, -108.0, 1.7000000000000002, 953.5249999999992]
[275.68187563521474, 538.8563197669542, -111.0, 1.6, 953.1249999999992]
[274.28150499546894, 539.3938716912722, -114.0, 1.5, 952.7499999999992]
[273.0025413547693, 539.9633029915783, -117.0, 1.4, 952.3999999999992]
[271.8442328733244, 540.5534906412397, -120.0, 1.2999999999999998, 952.0749999999991]
[270.80500238878307, 541.1534906412397, -123.0, 1.1999999999999997, 951.7749999999992]
[269.8824647640431, 541.7525935797563, -126.0, 1.0999999999999996, 951.4999999999992]
[269.0734477696682, 542.3403788320488, -129.0, 0.9999999999999997, 951.2499999999992]
[268.3740164043569, 542.9067671839937, -132.0, 0.8999999999999997, 951.0249999999992]
[267.77950054397496, 543.4420716690807, -135.0, 0.7999999999999997, 950.8249999999991]
[267.2845257971444, 543.9370464159114, -138.0, 0.6999999999999997, 950.6499999999992]
[266.88304743332907, 544.3829333111978, -141.0, 0.5999999999999998, 950.4999999999992]
[266.56838723780413, 544.7715062919262, -144.0, 0.4999999999999998, 950.3749999999992]
[266.33327313688716, 545.0951130896763, -147.0, 0.3999999999999998, 950.2749999999992]
[266.16988142638263, 545.3467142600599, -150.0, 0.2999999999999998, 950.1999999999991]
[266.0698814263826, 545.5199193408168, -153.0, 0.19999999999999982, 950.1499999999992]
[266.0244823764086, 545.6090199932357, -156.0, 0.09999999999999981, 950.1249999999992]
[266.0244823764086, 545.6090199932357, -159.0, 0.0, 950.0624999999992]
[266.0244823764086, 545.6090199932357, -162.0, 0.0, 949.9999999999992]
[266.0244823764086, 545.6090199932357, -165.0, 0.0, 949.9374999999992]
[266.0244823764086, 545.6090199932357, -168.0, 0.0, 949.8749999999992]
[266.0244823764086, 545.6090199932357, -168.0, 0.0, 949.8749999999992]
[266.04527354549043, 545.5112052331624, -168.0, 0.1, 949.8499999999992]
[266.086855883654, 545.3155757130156, -168.0, 0.2, 949.7999999999993]
[266.14922939089934, 545.0221314327955, -168.0, 0.30000000000000004, 949.7249999999992]
[266.23239406722644, 544.6308723925019, -168.0, 0.4, 949.6249999999992]
[266.33634991263534, 544.141798592135, -168.0, 0.5, 949.4999999999992]
[266.461096927126, 543.5549100316948, -168.0, 0.6, 949.3499999999992]
[266.60663511069845, 542.8702067111811, -168.0, 0.7, 949.1749999999993]
[266.77296446335265, 542.0876886305941, -168.0, 0.7999999999999999, 948.9749999999992]
[266.96008498508866, 541.2073557899337, -168.0, 0.8999999999999999, 948.7499999999992]
[267.1679966759064, 540.2292081891999, -168.0, 0.9999999999999999, 948.4999999999992]
[267.39669953580596, 539.1532458283926, -168.0, 1.0999999999999999, 948.2249999999992]
[267.64619356478727, 537.9794687075121, -168.0, 1.2, 947.9249999999993]
[267.9164787628504, 536.7078768265582, -168.0, 1.3, 947.5999999999992]
[268.2075551299952, 535.3384701855308, -168.0, 1.4000000000000001, 947.2499999999992]
[268.5194226662219, 533.8712487844301, -168.0, 1.5000000000000002, 946.8749999999992]
[268.8520813715303, 532.306212623256, -168.0, 1.6000000000000003, 946.4749999999992]
[269.2055312459205, 530.6433617020085, -168.0, 1.7000000000000004, 946.0499999999993]
[269.57977228939245, 528.8826960206877, -168.0, 1.8000000000000005, 945.5999999999992]
[269.9748045019462, 527.0242155792935, -168.0, 1.9000000000000006, 945.1249999999992]
[270.3906278835817, 525.0679203778259, -168.0, 2.0000000000000004, 944.6249999999992]
[270.827242434299, 523.0138104162849, -168.0, 2.1000000000000005, 944.0999999999992]
[271.2846481540981, 520.8618856946705, -168.0, 2.2000000000000006, 943.5499999999993]
[271.76284504297894, 518.6121462129828, -168.0, 2.3000000000000007, 942.9749999999992]
[272.26183310094154, 516.2645919712216, -168.0, 2.400000000000001, 942.3749999999992]
[272.78161232798595, 513.8192229693872, -168.0, 2.500000000000001, 941.7499999999992]
[273.30139155503036, 511.37385396755263, -165.0, 2.500000000000001, 941.1249999999992]
[273.94843916778666, 508.95903940182995, -162.0, 2.500000000000001, 940.4999999999992]
[274.72098165372404, 506.5813981110921, -159.0, 2.500000000000001, 939.8749999999992]
[275.6169015275873, 504.2474470448491, -156.0, 2.500000000000001, 939.2499999999992]
[276.6337431352768, 501.96358340074255, -153.0, 2.500000000000001, 938.6249999999992]
[277.7687193846257, 499.7360670902716, -150.0, 2.500000000000001, 937.9999999999992]
[279.0187193846257, 497.5710035808105, -147.0, 2.500000000000001, 937.3749999999992]
[280.38031697216326, 495.4743271609469, -144.0, 2.500000000000001, 936.7499999999992]
[281.84978010289444, 493.45178467500955, -141.0, 2.500000000000001, 936.1249999999992]
[283.423081080519, 491.5089197713671, -138.0, 2.500000000000001, 935.4999999999992]
[285.09590759641617, 489.65105770767366, -135.0, 2.500000000000001, 934.8749999999992]
[286.86367454938255, 487.8832907547073, -132.0, 2.500000000000001, 934.2499999999992]
[288.721536613076, 486.2104642388101, -129.0, 2.500000000000001, 933.6249999999992]
[290.66440151671844, 484.63716326118555, -126.0, 2.500000000000001, 932.9999999999992]
[292.6869440026558, 483.16770013045436, -123.0, 2.500000000000001, 932.3749999999992]
[294.7836204225194, 481.8061025429168, -120.0, 2.500000000000001, 931.7499999999992]
[296.9486839319805, 480.5561025429168, -117.0, 2.500000000000001, 931.1249999999992]
[299.17620024245144, 479.4211262935679, -114.0, 2.500000000000001, 930.4999999999992]
[301.4600638865579, 478.4042846858784, -111.0, 2.500000000000001, 929.8749999999992]
[303.7940149528009, 477.50836481201515, -108.0, 2.500000000000001, 929.2499999999992]
[306.1716562435388, 476.73582232607777, -105.0, 2.500000000000001, 928.6249999999992]
[308.68306339189036, 476.0628928088112, -105.0, 2.600000000000001, 927.9749999999992]
[311.29106312287087, 475.36408138703445, -105.0, 2.700000000000001, 927.2999999999993]
[313.99565543648026, 474.63938806074736, -105.0, 2.800000000000001, 926.5999999999992]
[316.79684033271855, 473.88881282995004, -105.0, 2.9000000000000012, 925.8749999999992]
[319.6946178115858, 473.1123556946425, -105.0, 3.0000000000000013, 925.1249999999992]
[322.6889878730819, 472.31001665482466, -105.0, 3.1000000000000014, 924.3499999999992]
[325.7799505172069, 471.4817957104966, -105.0, 3.2000000000000015, 923.5499999999993]
[328.9675057439608, 470.6276928616583, -105.0, 3.3000000000000016, 922.7249999999992]
[332.25165355334366, 469.7477081083097, -105.0, 3.4000000000000017, 921.8749999999992]
[335.6323939453554, 468.8418414504509, -105.0, 3.5000000000000018, 920.9999999999992]
[339.10972691999604, 467.9100928880818, -105.0, 3.600000000000002, 920.0999999999992]
[342.6836524772656, 466.9524624212025, -105.0, 3.700000000000002, 919.1749999999993]
[346.354170617164, 465.9689500498129, -105.0, 3.800000000000002, 918.2249999999992]
[350.1212813396914, 464.9595557739131, -105.0, 3.900000000000002, 917.2499999999992]
[353.88839206221877, 463.9501614980133, -102.0, 3.900000000000002, 916.2749999999992]
[357.7031677050806, 463.13930590382404, -99.0, 3.900000000000002, 915.2999999999992]
[361.55515223340166, 462.52921149016714, -96.0, 3.900000000000002, 914.3249999999991]
[365.4337876253379, 462.1215504834233, -93.0, 3.900000000000002, 913.3499999999991]
[369.32844281088074, 461.9174402540758, -90.0, 3.900000000000002, 912.3749999999991]
[373.2284428108807, 461.9174402540758, -87.0, 3.900000000000002, 911.3999999999991]
[377.12309799642355, 462.1215504834233, -84.0, 3.900000000000002, 910.424999999999]
[381.1011855778967, 462.5396643364939, -84.0, 4.000000000000002, 909.424999999999]
[385.1787253489066, 462.9682310358913, -84.0, 4.100000000000001, 908.3999999999991]
[389.3557173094533, 463.4072505816154, -84.0, 4.200000000000001, 907.3499999999991]
[393.6321614595369, 463.8567229736663, -84.0, 4.300000000000001, 906.2749999999991]
[398.0080577991573, 464.31664821204396, -84.0, 4.4, 905.174999999999]
[402.4834063283145, 464.7870262967484, -84.0, 4.5, 904.049999999999]
[407.0582070470086, 465.26785722777964, -84.0, 4.6, 902.8999999999991]
[411.73245995523945, 465.7591410051376, -84.0, 4.699999999999999, 901.7249999999991]
[416.5061650530072, 466.26087762882236, -84.0, 4.799999999999999, 900.5249999999991]
[421.3793223403117, 466.77306709883385, -84.0, 4.899999999999999, 899.299999999999]
[426.35193181715306, 467.2957094151721, -84.0, 4.999999999999998, 898.049999999999]
[431.3245412939944, 467.81835173151035, -84.0, 5.0, 896.799999999999]
[436.29715077083574, 468.3409940478486, -84.0, 5.0, 895.549999999999]
[441.2697602476771, 468.86363636418685, -84.0, 5.0, 894.299999999999]
[446.2423697245184, 469.3862786805251, -84.0, 5.0, 893.049999999999]
[451.21497920135977, 469.90892099686334, -84.0, 5.0, 891.799999999999]
[456.1875886782011, 470.4315633132016, -84.0, 5.0, 890.549999999999]
[461.16019815504245, 470.95420562953984, -84.0, 5.0, 889.299999999999]
[466.1328076318838, 471.4768479458781, -84.0, 5.0, 888.049999999999]
[471.10541710872513, 471.99949026221634, -84.0, 5.0, 886.799999999999]
[476.0780265855665, 472.5221325785546, -84.0, 5.0, 885.549999999999]
[481.0506360624078, 473.04477489489284, -84.0, 5.0, 884.299999999999]
[486.02324553924916, 473.5674172112311, -84.0, 5.0, 883.049999999999]
[490.9958550160905, 474.09005952756934, -84.0, 5.0, 881.799999999999]
[495.96846449293184, 474.6127018439076, -84.0, 5.0, 880.549999999999]
[500.9410739697732, 475.13534416024584, -84.0, 5.0, 879.299999999999]
[505.9136834466145, 475.6579864765841, -84.0, 5.0, 878.049999999999]
[510.88629292345587, 476.18062879292233, -84.0, 5.0, 876.799999999999]
[515.8589024002972, 476.7032711092606, -84.0, 5.0, 875.549999999999]
[520.8315118771386, 477.22591342559883, -84.0, 5.0, 874.299999999999]
[525.80412135398, 477.7485557419371, -84.0, 5.0, 873.049999999999]
[530.7767308308214, 478.27119805827533, -84.0, 5.0, 871.799999999999]
[535.7493403076628, 478.7938403746136, -84.0, 5.0, 870.549999999999]
[540.7219497845042, 479.31648269095183, -84.0, 5.0, 869.299999999999]
[545.6945592613456, 479.8391250072901, -84.0, 5.0, 868.049999999999]
[550.667168738187, 480.3617673236283, -84.0, 5.0, 866.799999999999]
[555.6397782150284, 480.8844096399666, -84.0, 5.0, 865.549999999999]
[560.6123876918698, 481.4070519563048, -84.0, 5.0, 864.299999999999]
[565.5849971687112, 481.9296942726431, -84.0, 5.0, 863.049999999999]
[570.5576066455526, 482.4523365889813, -87.0, 5.0, 861.799999999999]
[575.5507543193255, 482.714016370196, -90.0, 5.0, 860.549999999999]
[580.5507543193255, 482.714016370196, -93.0, 5.0, 859.299999999999]
[585.5439019930984, 482.4523365889813, -96.0, 5.0, 858.049999999999]
[590.5165114699398, 481.9296942726431, -99.0, 5.0, 856.799999999999]
[595.4549531729155, 481.14752194744193, -102.0, 5.0, 855.549999999999]
[600.3456911765845, 480.1079634933531, -105.0, 5.0, 854.299999999999]
[605.1753203080299, 478.8138682678405, -108.0, 5.0, 853.049999999999]
[609.9306028895056, 477.26878329596576, -111.0, 5.0, 851.799999999999]
[614.5985050219916, 475.47694354823926, -114.0, 5.0, 850.549999999999]
[619.1662323102046, 473.44326033286023, -117.0, 5.0, 849.299999999999]
[623.6212649311465, 471.1733078341625, -120.0, 5.0, 848.049999999999]
[627.9513919500687, 468.6733078341625, -123.0, 5.0, 846.799999999999]
[632.1447447897958, 465.9501126590873, -123.0, 5.0, 845.549999999999]
[636.338097629523, 463.2269174840122, -123.0, 5.0, 844.299999999999]
[640.5314504692501, 460.50372230893703, -123.0, 5.0, 843.049999999999]
[644.7248033089772, 457.7805271338619, -123.0, 5.0, 841.799999999999]
[648.9181561487044, 455.05733195878673, -123.0, 5.0, 840.549999999999]
[653.1115089884315, 452.3341367837116, -123.0, 5.0, 839.299999999999]
[657.3048618281587, 449.61094160863644, -123.0, 5.0, 838.049999999999]
[661.4982146678858, 446.8877464335613, -123.0, 5.0, 836.799999999999]
[665.691567507613, 444.16455125848614, -126.0, 5.0, 835.549999999999]
[669.7366524794877, 441.2256249970238, -129.0, 5.0, 834.299999999999]
[673.6223822867726, 438.0790230417746, -132.0, 5.0, 833.049999999999]
[677.3381064141595, 434.73337000998026, -135.0, 5.0, 831.799999999999]
[680.8736403200922, 431.1978361040475, -138.0, 5.0, 830.549999999999]
[684.2192933518866, 427.4821119766605, -141.0, 5.0, 829.299999999999]
[687.3658953071357, 423.59638216937566, -144.0, 5.0, 828.049999999999]
[690.3048215685981, 419.5512971975009, -147.0, 5.0, 826.799999999999]
[693.0280167436732, 415.35794435777376, -150.0, 5.0, 825.549999999999]
[695.5280167436732, 411.02781733885155, -153.0, 5.0, 824.299999999999]
[697.797969242371, 406.5727847179097, -156.0, 5.0, 823.049999999999]
[699.83165245775, 402.0050574296967, -159.0, 5.0, 821.799999999999]
[701.6234922054765, 397.3371552972107, -162.0, 5.0, 820.549999999999]
[703.1685771773513, 392.58187271573496, -165.0, 5.0, 819.299999999999]
[704.4626724028639, 387.7522435842896, -168.0, 5.0, 818.049999999999]
[705.5022308569527, 382.8615055806206, -171.0, 5.0, 816.799999999999]
[706.2844031821538, 377.9230638776449, -174.0, 5.0, 815.549999999999]
[706.8070454984921, 372.95045440080355, -177.0, 5.0, 814.299999999999]
[707.0687252797069, 367.9573067270307, -180.0, 5.0, 813.049999999999]
[707.0687252797069, 362.9573067270307, -183.0, 5.0, 811.799999999999]
[706.8070454984921, 357.96415905325784, -186.0, 5.0, 810.549999999999]
[706.2844031821538, 352.9915495764165, -189.0, 5.0, 809.299999999999]
[705.5022308569527, 348.0531078734408, -189.0, 5.0, 808.049999999999]
[704.7200585317515, 343.1146661704651, -189.0, 5.0, 806.799999999999]
[703.9378862065504, 338.1762244674894, -189.0, 5.0, 805.549999999999]
[703.1557138813492, 333.2377827645137, -189.0, 5.0, 804.299999999999]
[702.3735415561481, 328.29934106153803, -189.0, 5.0, 803.049999999999]
[701.591369230947, 323.36089935856234, -189.0, 5.0, 801.799999999999]
[700.8091969057458, 318.42245765558664, -189.0, 5.0, 800.549999999999]
[700.0270245805447, 313.48401595261095, -189.0, 5.0, 799.299999999999]
[699.2448522553435, 308.54557424963525, -189.0, 5.0, 798.049999999999]
[698.4626799301424, 303.60713254665956, -189.0, 5.0, 796.799999999999]
[697.6805076049412, 298.66869084368386, -189.0, 5.0, 795.549999999999]
[696.8983352797401, 293.73024914070817, -189.0, 5.0, 794.299999999999]
[696.1161629545389, 288.7918074377325, -189.0, 5.0, 793.049999999999]
[695.3339906293378, 283.8533657347568, -189.0, 5.0, 791.799999999999]
[694.5518183041366, 278.9149240317811, -189.0, 5.0, 790.549999999999]
[693.7696459789355, 273.9764823288054, -189.0, 5.0, 789.299999999999]
[692.9874736537344, 269.0380406258297, -189.0, 5.0, 788.049999999999]
[692.2053013285332, 264.099598922854, -189.0, 5.0, 786.799999999999]
[691.4231290033321, 259.1611572198783, -189.0, 5.0, 785.549999999999]
[690.6409566781309, 254.2227155169026, -189.0, 5.0, 784.299999999999]
[689.8587843529298, 249.28427381392692, -189.0, 5.0, 783.049999999999]
[689.0766120277286, 244.34583211095122, -189.0, 5.0, 781.799999999999]
[688.2944397025275, 239.40739040797553, -189.0, 5.0, 780.549999999999]
[687.5122673773263, 234.46894870499983, -192.0, 5.0, 779.299999999999]
[686.4727089232375, 229.57821070133082, -195.0, 5.0, 778.049999999999]
[685.1786136977249, 224.7485815698855, -198.0, 5.0, 776.799999999999]
[683.6335287258502, 219.99329898840972, -201.0, 5.0, 775.549999999999]
[681.8416889781237, 215.3253968559237, -204.0, 5.0, 774.299999999999]
[679.8080057627446, 210.7576695677107, -207.0, 5.0, 773.049999999999]
[677.5380532640469, 206.30263694676887, -210.0, 5.0, 771.799999999999]
[675.0380532640469, 201.9725099278467, -213.0, 5.0, 770.549999999999]
[672.3148580889717, 197.77915708811958, -216.0, 5.0, 769.299999999999]
[669.3759318275094, 193.73407211624485, -219.0, 5.0, 768.049999999999]
[666.2293298722602, 189.84834230895999, -222.0, 5.0, 766.799999999999]
[662.8836768404659, 186.132618181573, -225.0, 5.0, 765.549999999999]
[659.3481429345331, 182.59708427564027, -228.0, 5.0, 764.299999999999]
[655.6324188071462, 179.25143124384599, -231.0, 5.0, 763.049999999999]
[651.7466889998614, 176.1048292885968, -234.0, 5.0, 761.799999999999]
[647.7016040279866, 173.16590302713442, -237.0, 5.0, 760.549999999999]
[643.5082511882595, 170.44270785205927, -240.0, 5.0, 759.299999999999]
[639.1781241693373, 167.94270785205927, -243.0, 5.0, 758.049999999999]
[634.7230915483954, 165.67275535336154, -246.0, 5.0, 756.799999999999]
[630.1553642601824, 163.63907213798254, -249.0, 5.0, 755.549999999999]
[625.4874621276964, 161.84723239025604, -252.0, 5.0, 754.299999999999]
[620.7321795462207, 160.3021474183813, -255.0, 5.0, 753.049999999999]
[615.9025504147753, 159.00805219286872, -258.0, 5.0, 751.799999999999]
[611.0118124111062, 157.96849373877993, -261.0, 5.0, 750.549999999999]
[606.0733707081306, 157.18632141357878, -264.0, 5.0, 749.299999999999]
[601.1007612312892, 156.6636790972405, -267.0, 5.0, 748.049999999999]
[596.1076135575163, 156.40199931602578, -270.0, 5.0, 746.799999999999]
[591.1076135575163, 156.40199931602578, -273.0, 5.0, 745.549999999999]
[586.1144658837434, 156.6636790972405, -276.0, 5.0, 744.299999999999]
[581.141856406902, 157.18632141357878, -279.0, 5.0, 743.049999999999]
[576.2034147039263, 157.96849373877993, -282.0, 5.0, 741.799999999999]
[571.3126767002573, 159.00805219286872, -282.0, 5.0, 740.549999999999]
[566.4219386965882, 160.0476106469575, -282.0, 5.0, 739.299999999999]
[561.5312006929191, 161.0871691010463, -282.0, 5.0, 738.049999999999]
[556.6404626892501, 162.1267275551351, -282.0, 5.0, 736.799999999999]
[551.749724685581, 163.16628600922388, -282.0, 5.0, 735.549999999999]
[546.8589866819119, 164.20584446331267, -282.0, 5.0, 734.299999999999]
[541.9682486782428, 165.24540291740146, -282.0, 5.0, 733.049999999999]
[537.0775106745738, 166.28496137149025, -282.0, 5.0, 731.799999999999]
[532.1867726709047, 167.32451982557905, -282.0, 5.0, 730.549999999999]
[527.2960346672356, 168.36407827966784, -282.0, 5.0, 729.299999999999]
[522.4052966635666, 169.40363673375663, -282.0, 5.0, 728.049999999999]
[517.5145586598975, 170.44319518784542, -282.0, 5.0, 726.799999999999]
[512.6238206562284, 171.4827536419342, -282.0, 5.0, 725.549999999999]
[507.7330826525594, 172.522312096023, -282.0, 5.0, 724.299999999999]
[502.8423446488904, 173.5618705501118, -279.0, 5.0, 723.049999999999]
[497.9039029459147, 174.34404287531294, -276.0, 5.0, 721.799999999999]
[492.93129346907335, 174.86668519165121, -273.0, 5.0, 720.549999999999]
[487.9381457953005, 175.12836497286594, -270.0, 5.0, 719.299999999999]
[482.9381457953005, 175.12836497286594, -267.0, 5.0, 718.049999999999]
[477.94499812152765, 174.86668519165121, -264.0, 5.0, 716.799999999999]
[472.9723886446863, 174.34404287531294, -261.0, 5.0, 715.549999999999]
[468.0339469417106, 173.5618705501118, -258.0, 5.0, 714.299999999999]
[463.1432089380416, 172.522312096023, -255.0, 5.0, 713.049999999999]
[458.31357980659624, 171.2282168705104, -252.0, 5.0, 711.799999999999]
[453.55829722512044, 169.68313189863568, -249.0, 5.0, 710.549999999999]
[448.89039509263444, 167.89129215090918, -246.0, 5.0, 709.299999999999]
[444.3226678044214, 165.85760893553018, -243.0, 5.0, 708.049999999999]
[439.8676351834796, 163.58765643683245, -240.0, 5.0, 706.799999999999]
[435.5375081645574, 161.08765643683245, -237.0, 5.0, 705.549999999999]
[431.34415532483024, 158.3644612617573, -234.0, 5.0, 704.299999999999]
[427.2990703529555, 155.42553500029493, -231.0, 5.0, 703.049999999999]
[423.4133405456706, 152.27893304504573, -228.0, 5.0, 701.799999999999]
[419.69761641828364, 148.93328001325145, -228.0, 5.0, 700.549999999999]
[415.98189229089667, 145.58762698145716, -228.0, 5.0, 699.299999999999]
[412.2661681635097, 142.24197394966288, -228.0, 5.0, 698.049999999999]
[408.5504440361227, 138.8963209178686, -228.0, 5.0, 696.799999999999]
[404.83471990873574, 135.5506678860743, -228.0, 5.0, 695.549999999999]
[401.11899578134876, 132.20501485428002, -228.0, 5.0, 694.299999999999]
[397.4032716539618, 128.85936182248574, -228.0, 5.0, 693.049999999999]
[393.6875475265748, 125.51370879069145, -228.0, 5.0, 691.799999999999]
[389.9718233991878, 122.16805575889717, -228.0, 5.0, 690.549999999999]
[386.25609927180085, 118.82240272710288, -228.0, 5.0, 689.299999999999]
[382.5403751444139, 115.4767496953086, -228.0, 5.0, 688.049999999999]
[378.8246510170269, 112.13109666351431, -228.0, 5.0, 686.799999999999]
[375.1089268896399, 108.78544363172003, -228.0, 5.0, 685.549999999999]
[371.39320276225294, 105.43979059992574, -228.0, 5.0, 684.299999999999]
[367.67747863486596, 102.09413756813146, -228.0, 5.0, 683.049999999999]
[363.961754507479, 98.74848453633717, -228.0, 5.0, 681.799999999999]
[360.246030380092, 95.40283150454289, -231.0, 5.0, 680.549999999999]
[356.36030057280715, 92.2562295492937, -234.0, 5.0, 679.299999999999]
[352.3152156009324, 89.31730328783134, -237.0, 5.0, 678.049999999999]
[348.12186276120525, 86.5941081127562, -240.0, 5.0, 676.799999999999]
[343.79173574228304, 84.0941081127562, -243.0, 5.0, 675.549999999999]
[339.3367031213412, 81.82415561405847, -246.0, 5.0, 674.299999999999]
[334.7689758331282, 79.79047239867947, -249.0, 5.0, 673.049999999999]
[330.1010737006422, 77.99863265095297, -252.0, 5.0, 671.799999999999]
[325.3457911191664, 76.45354767907823, -255.0, 5.0, 670.549999999999]
[320.51616198772103, 75.15945245356562, -258.0, 5.0, 669.299999999999]
[315.625423984052, 74.11989399947683, -261.0, 5.0, 668.049999999999]
[310.6869822810763, 73.33772167427567, -264.0, 5.0, 666.799999999999]
[305.714372804235, 72.8150793579374, -267.0, 5.0, 665.549999999999]
[300.72122513046213, 72.55339957672268, -267.0, 5.0, 664.299999999999]
[295.7280774566893, 72.29171979550796, -267.0, 5.0, 663.049999999999]
[290.7349297829164, 72.03004001429323, -267.0, 5.0, 661.799999999999]
[285.74178210914357, 71.76836023307851, -267.0, 5.0, 660.549999999999]
[280.7486344353707, 71.50668045186379, -267.0, 5.0, 659.299999999999]
[275.75548676159787, 71.24500067064906, -267.0, 5.0, 658.049999999999]
[270.762339087825, 70.98332088943434, -267.0, 5.0, 656.799999999999]
[265.76919141405216, 70.72164110821961, -267.0, 5.0, 655.549999999999]
[260.7760437402793, 70.45996132700489, -267.0, 5.0, 654.299999999999]
[255.78289606650642, 70.19828154579017, -267.0, 5.0, 653.049999999999]
[250.78974839273354, 69.93660176457544, -267.0, 5.0, 651.799999999999]
[245.79660071896066, 69.67492198336072, -267.0, 5.0, 650.549999999999]
[240.80345304518778, 69.413242202146, -267.0, 5.0, 649.299999999999]
[235.8103053714149, 69.15156242093127, -267.0, 5.0, 648.049999999999]
[230.81715769764202, 68.88988263971655, -267.0, 5.0, 646.799999999999]
[225.82401002386914, 68.62820285850182, -267.0, 5.0, 645.549999999999]
[220.83086235009625, 68.3665230772871, -267.0, 5.0, 644.299999999999]
[215.83771467632337, 68.10484329607237, -267.0, 5.0, 643.049999999999]
[210.8445670025505, 67.84316351485765, -267.0, 5.0, 641.799999999999]
[205.8514193287776, 67.58148373364293, -267.0, 5.0, 640.549999999999]
[200.85827165500473, 67.3198039524282, -267.0, 5.0, 639.299999999999]
[195.86512398123185, 67.05812417121348, -270.0, 5.0, 638.049999999999]
[190.86512398123185, 67.05812417121348, -273.0, 5.0, 636.799999999999]
[185.87197630745897, 67.3198039524282, -276.0, 5.0, 635.549999999999]
[180.8993668306176, 67.84244626876647, -279.0, 5.0, 634.299999999999]
[175.9609251276419, 68.62461859396763, -282.0, 5.0, 633.049999999999]
[171.07018712397286, 69.66417704805642, -285.0, 5.0, 631.799999999999]
[166.24055799252753, 70.95827227356902, -288.0, 5.0, 630.549999999999]
[161.48527541105176, 72.50335724544377, -291.0, 5.0, 629.299999999999]
[156.81737327856575, 74.29519699317026, -294.0, 5.0, 628.049999999999]
[152.24964599035275, 76.32888020854926, -297.0, 5.0, 626.799999999999]
[147.7946133694109, 78.598832707247, -300.0, 5.0, 625.549999999999]
[143.46448635048873, 81.098832707247, -303.0, 5.0, 624.299999999999]
[139.27113351076162, 83.82202788232213, -306.0, 5.0, 623.049999999999]
[135.2260485388869, 86.7609541437845, -309.0, 5.0, 621.799999999999]
[131.34031873160203, 89.90755609903368, -312.0, 5.0, 620.549999999999]
[127.62459460421505, 93.25320913082797, -315.0, 5.0, 619.299999999999]
[124.08906069828231, 96.7887430367607, -318.0, 5.0, 618.049999999999]
