[125.00482667544755, 101.56802219178739, -666.0, 4.999999999999998, 1131.8500000000004]
[120.9597417035728, 104.50694845324976, -669.0, 4.999999999999998, 1130.6000000000004]
[117.07401189628794, 107.65355040849894, -672.0, 4.999999999999998, 1129.3500000000004]
[113.35828776890098, 110.99920344029323, -675.0, 4.999999999999998, 1128.1000000000004]
[109.82275386296824, 114.53473734622597, -678.0, 4.999999999999998, 1126.8500000000004]
[106.47710083117394, 118.25046147361293, -681.0, 4.999999999999998, 1125.6000000000004]
[103.33049887592476, 122.13619128089779, -684.0, 4.999999999999998, 1124.3500000000004]
[100.39157261446239, 126.18127625277252, -687.0, 4.999999999999998, 1123.1000000000004]
[97.66837743938726, 130.37462909249965, -690.0, 4.999999999999998, 1121.8500000000004]
[95.16837743938726, 134.70475611142183, -693.0, 4.999999999999998, 1120.6000000000004]
[92.89842494068952, 139.15978873236367, -696.0, 4.999999999999998, 1119.3500000000004]
[90.86474172531052, 143.72751602057667, -699.0, 4.999999999999998, 1118.1000000000004]
[89.07290197758402, 148.39541815306268, -702.0, 4.999999999999998, 1116.8500000000004]
[87.52781700570928, 153.15070073453845, -705.0, 4.999999999999998, 1115.6000000000004]
[86.23372178019667, 157.98032986598378, -708.0, 4.999999999999998, 1114.3500000000004]
[85.19416332610787, 162.8710678696528, -711.0, 4.999999999999998, 1113.1000000000004]
[84.41199100090671, 167.80950957262849, -714.0, 4.999999999999998, 1111.8500000000004]
[83.88934868456843, 172.78211904946986, -717.0, 4.999999999999998, 1110.6000000000004]
[83.62766890335371, 177.77526672324274, -720.0, 4.999999999999998, 1109.3500000000004]
[83.62766890335371, 182.77526672324274, -723.0, 4.999999999999998, 1108.1000000000004]
[83.88934868456842, 187.76841439701562, -726.0, 4.999999999999998, 1106.8500000000004]
[84.41199100090668, 192.741023873857, -726.0, 5.0, 1105.6000000000004]
[84.93463331724494, 197.71363335069836, -726.0, 5.0, 1104.3500000000004]
[85.45727563358321, 202.68624282753973, -726.0, 5.0, 1103.1000000000004]
[85.97991794992147, 207.6588523043811, -726.0, 5.0, 1101.8500000000004]
[86.50256026625974, 212.63146178122247, -726.0, 5.0, 1100.6000000000004]
[87.025202582598, 217.60407125806384, -726.0, 5.0, 1099.3500000000004]
[87.54784489893626, 222.5766807349052, -726.0, 5.0, 1098.1000000000004]
[88.07048721527453, 227.54929021174658, -726.0, 5.0, 1096.8500000000004]
[88.59312953161279, 232.52189968858795, -726.0, 5.0, 1095.6000000000004]
[89.11577184795105, 237.49450916542932, -726.0, 5.0, 1094.3500000000004]
[89.63841416428932, 242.4671186422707, -726.0, 5.0, 1093.1000000000004]
[90.16105648062758, 247.43972811911206, -726.0, 5.0, 1091.8500000000004]
[90.68369879696584, 252.41233759595343, -726.0, 5.0, 1090.6000000000004]
[91.2063411133041, 257.3849470727948, -726.0, 5.0, 1089.3500000000004]
[91.72898342964237, 262.3575565496361, -726.0, 5.0, 1088.1000000000004]
[92.25162574598063, 267.33016602647746, -726.0, 5.0, 1086.8500000000004]
[92.7742680623189, 272.3027755033188, -726.0, 5.0, 1085.6000000000004]
[93.29691037865716, 277.27538498016014, -726.0, 5.0, 1084.3500000000004]
[93.81955269499542, 282.2479944570015, -726.0, 5.0, 1083.1000000000004]
[94.34219501133369, 287.2206039338428, -726.0, 5.0, 1081.8500000000004]
[94.86483732767195, 292.19321341068417, -726.0, 5.0, 1080.6000000000004]
[95.38747964401021, 297.1658228875255, -726.0, 5.0, 1079.3500000000004]
[95.91012196034848, 302.13843236436685, -726.0, 5.0, 1078.1000000000004]
[96.43276427668674, 307.1110418412082, -726.0, 5.0, 1076.8500000000004]
[96.955406593025, 312.08365131804953, -726.0, 5.0, 1075.6000000000004]
[97.47804890936327, 317.0562607948909, -723.0, 5.0, 1074.3500000000004]
[97.73972869057798, 322.0494084686637, -720.0, 5.0, 1073.1000000000004]
[97.73972869057798, 327.0494084686637, -717.0, 5.0, 1071.8500000000004]
[97.47804890936325, 332.0425561424366, -714.0, 5.0, 1070.6000000000004]
[96.95540659302497, 337.0151656192779, -714.0, 5.0, 1069.3500000000004]
[96.4327642766867, 341.98777509611926, -714.0, 5.0, 1068.1000000000004]
[95.91012196034842, 346.9603845729606, -714.0, 5.0, 1066.8500000000004]
[95.38747964401014, 351.93299404980195, -714.0, 5.0, 1065.6000000000004]
[94.86483732767186, 356.9056035266433, -714.0, 5.0, 1064.3500000000004]
[94.34219501133359, 361.87821300348463, -714.0, 5.0, 1063.1000000000004]
[93.81955269499531, 366.850822480326, -714.0, 5.0, 1061.8500000000004]
[93.29691037865703, 371.8234319571673, -714.0, 5.0, 1060.6000000000004]
[92.77426806231875, 376.79604143400866, -714.0, 5.0, 1059.3500000000004]
[92.25162574598048, 381.76865091085, -714.0, 5.0, 1058.1000000000004]
[91.7289834296422, 386.74126038769134, -714.0, 5.0, 1056.8500000000004]
[91.20634111330392, 391.7138698645327, -714.0, 5.0, 1055.6000000000004]
[90.68369879696564, 396.686479341374, -714.0, 5.0, 1054.3500000000004]
[90.16105648062737, 401.65908881821537, -714.0, 5.0, 1053.1000000000004]
[89.63841416428909, 406.6316982950567, -714.0, 5.0, 1051.8500000000004]
[89.11577184795081, 411.60430777189805, -714.0, 5.0, 1050.6000000000004]
[88.59312953161253, 416.5769172487394, -714.0, 5.0, 1049.3500000000004]
[88.07048721527426, 421.54952672558073, -714.0, 5.0, 1048.1000000000004]
[87.54784489893598, 426.5221362024221, -714.0, 5.0, 1046.8500000000004]
[87.0252025825977, 431.4947456792634, -714.0, 5.0, 1045.6000000000004]
[86.50256026625942, 436.46735515610476, -714.0, 5.0, 1044.3500000000004]
[85.97991794992114, 441.4399646329461, -714.0, 5.0, 1043.1000000000004]
[85.45727563358287, 446.41257410978744, -714.0, 5.0, 1041.8500000000004]
[84.93463331724459, 451.3851835866288, -714.0, 5.0, 1040.6000000000004]
[84.41199100090631, 456.3577930634701, -714.0, 5.0, 1039.3500000000004]
[83.88934868456803, 461.33040254031147, -714.0, 5.0, 1038.1000000000004]
[83.36670636822976, 466.3030120171528, -714.0, 5.0, 1036.8500000000004]
[82.84406405189148, 471.27562149399415, -714.0, 5.0, 1035.6000000000004]
[82.3214217355532, 476.2482309708355, -714.0, 5.0, 1034.3500000000004]
[81.79877941921492, 481.22084044767684, -714.0, 5.0, 1033.1000000000004]
[81.27613710287665, 486.1934499245182, -714.0, 5.0, 1031.8500000000004]
[80.75349478653837, 491.1660594013595, -714.0, 5.0, 1030.6000000000004]
[80.23085247020009, 496.13866887820086, -714.0, 5.0, 1029.3500000000004]
[79.70821015386181, 501.1112783550422, -714.0, 5.0, 1028.1000000000004]
[79.18556783752354, 506.08388783188354, -714.0, 5.0, 1026.8500000000004]
[78.66292552118526, 511.0564973087249, -714.0, 5.0, 1025.6000000000004]
[78.14028320484698, 516.0291067855662, -714.0, 5.0, 1024.3500000000004]
[77.6176408885087, 521.0017162624076, -714.0, 5.0, 1023.1000000000004]
[77.09499857217043, 525.974325739249, -714.0, 5.0, 1021.8500000000004]
[76.57235625583215, 530.9469352160904, -714.0, 5.0, 1020.6000000000004]
[76.04971393949387, 535.9195446929318, -714.0, 5.0, 1019.3500000000004]
[75.52707162315559, 540.8921541697732, -714.0, 5.0, 1018.1000000000004]
[75.00442930681731, 545.8647636466146, -714.0, 5.0, 1016.8500000000004]
[74.48178699047904, 550.837373123456, -714.0, 5.0, 1015.6000000000004]
[73.95914467414076, 555.8099826002974, -714.0, 5.0, 1014.3500000000004]
[73.43650235780248, 560.7825920771388, -714.0, 5.0, 1013.1000000000004]
[72.9138600414642, 565.7552015539802, -714.0, 5.0, 1011.8500000000004]
[72.39121772512593, 570.7278110308216, -714.0, 5.0, 1010.6000000000004]
[71.86857540878765, 575.700420507663, -714.0, 5.0, 1009.3500000000004]
[71.34593309244937, 580.6730299845044, -717.0, 5.0, 1008.1000000000004]
[71.08425331123465, 585.6661776582773, -720.0, 5.0, 1006.8500000000004]
[71.08425331123465, 590.6661776582773, -723.0, 5.0, 1005.6000000000004]
[71.34593309244936, 595.6593253320502, -726.0, 5.0, 1004.3500000000004]
[71.86857540878762, 600.6319348088916, -729.0, 5.0, 1003.1000000000004]
[72.65074773398877, 605.5703765118673, -732.0, 5.0, 1001.8500000000004]
[73.69030618807756, 610.4611145155363, -735.0, 5.0, 1000.6000000000004]
[74.98440141359016, 615.2907436469817, -738.0, 5.0, 999.3500000000004]
[76.52948638546489, 620.0460262284574, -741.0, 5.0, 998.1000000000004]
[78.32132613319139, 624.7139283609434, -744.0, 5.0, 996.8500000000004]
[80.35500934857039, 629.2816556491564, -747.0, 5.0, 995.6000000000004]
[82.62496184726812, 633.7366882700983, -750.0, 5.0, 994.3500000000004]
[85.12496184726812, 638.0668152890205, -753.0, 5.0, 993.1000000000004]
[87.84815702234326, 642.2601681287476, -756.0, 5.0, 991.8500000000004]
[90.78708328380563, 646.3052531006224, -759.0, 5.0, 990.6000000000004]
[93.93368523905481, 650.1909829079073, -762.0, 5.0, 989.3500000000004]
[97.27933827084911, 653.9067070352942, -765.0, 5.0, 988.1000000000004]
[100.81487217678185, 657.4422409412269, -768.0, 5.0, 986.8500000000004]
[104.53059630416881, 660.7878939730213, -771.0, 5.0, 985.6000000000004]
[108.41632611145366, 663.9344959282704, -774.0, 5.0, 984.3500000000004]
[112.46141108332839, 666.8734221897328, -777.0, 5.0, 983.1000000000004]
[116.65476392305551, 669.5966173648079, -780.0, 5.0, 981.8500000000004]
[120.98489094197771, 672.0966173648079, -783.0, 5.0, 980.6000000000004]
[125.43992356291955, 674.3665698635057, -786.0, 5.0, 979.3500000000004]
[130.00765085113255, 676.4002530788847, -789.0, 5.0, 978.1000000000004]
[134.67555298361856, 678.1920928266112, -792.0, 5.0, 976.8500000000004]
[139.43083556509433, 679.737177798486, -795.0, 5.0, 975.6000000000004]
[144.26046469653966, 681.0312730239986, -798.0, 5.0, 974.3500000000004]
[149.15120270020867, 682.0708314780874, -801.0, 5.0, 973.1000000000004]
[154.08964440318437, 682.8530038032885, -804.0, 5.0, 971.8500000000004]
[159.06225388002574, 683.3756461196268, -807.0, 5.0, 970.6000000000004]
[164.05540155379862, 683.6373259008416, -810.0, 5.0, 969.3500000000004]
[169.05540155379862, 683.6373259008416, -813.0, 5.0, 968.1000000000004]
[174.0485492275715, 683.3756461196268, -816.0, 5.0, 966.8500000000004]
[179.02115870441287, 682.8530038032885, -819.0, 5.0, 965.6000000000004]
[183.95960040738856, 682.0708314780874, -822.0, 5.0, 964.3500000000004]
[188.85033841105758, 681.0312730239986, -825.0, 5.0, 963.1000000000004]
[193.6799675425029, 679.737177798486, -828.0, 5.0, 961.8500000000004]
[198.43525012397868, 678.1920928266112, -831.0, 5.0, 960.6000000000004]
[203.10315225646468, 676.4002530788847, -834.0, 5.0, 959.3500000000004]
[207.6708795446777, 674.3665698635057, -837.0, 5.0, 958.1000000000004]
[212.12591216561952, 672.0966173648079, -840.0, 5.0, 956.8500000000004]
[216.4560391845417, 669.5966173648079, -843.0, 5.0, 955.6000000000004]
[220.64939202426882, 666.8734221897328, -846.0, 5.0, 954.3500000000004]
[224.69447699614355, 663.9344959282704, -849.0, 5.0, 953.1000000000004]
[228.5802068034284, 660.7878939730213, -852.0, 5.0, 951.8500000000004]
[232.2959309308154, 657.4422409412269, -855.0, 5.0, 950.6000000000004]
[235.83146483674813, 653.9067070352942, -858.0, 5.0, 949.3500000000004]
[239.1771178685424, 650.1909829079073, -861.0, 5.0, 948.1000000000004]
[242.3237198237916, 646.3052531006224, -864.0, 5.0, 946.8500000000004]
[245.26264608525398, 642.2601681287476, -867.0, 5.0, 945.6000000000004]
[247.98584126032912, 638.0668152890205, -870.0, 5.0, 944.3500000000004]
[250.48584126032912, 633.7366882700983, -873.0, 5.0, 943.1000000000004]
[252.75579375902686, 629.2816556491564, -876.0, 5.0, 941.8500000000004]
[254.78947697440586, 624.7139283609434, -879.0, 5.0, 940.6000000000004]
[256.5813167221324, 620.0460262284574, -882.0, 5.0, 939.3500000000004]
[258.12640169400714, 615.2907436469817, -885.0, 5.0, 938.1000000000004]
[259.42049691951974, 610.4611145155363, -888.0, 5.0, 936.8500000000004]
[260.46005537360855, 605.5703765118673, -891.0, 5.0, 935.6000000000004]
[261.2422276988097, 600.6319348088916, -894.0, 5.0, 934.3500000000004]
[261.76487001514795, 595.6593253320502, -897.0, 5.0, 933.1000000000004]
[262.02654979636264, 590.6661776582773, -897.0, 5.0, 931.8500000000004]
[262.28822957757734, 585.6730299845044, -897.0, 5.0, 930.6000000000004]
[262.54990935879204, 580.6798823107315, -897.0, 5.0, 929.3500000000004]
[262.81158914000673, 575.6867346369586, -897.0, 5.0, 928.1000000000004]
[263.0732689212214, 570.6935869631857, -897.0, 5.0, 926.8500000000004]
[263.3349487024361, 565.7004392894128, -897.0, 5.0, 925.6000000000004]
[263.5966284836508, 560.7072916156399, -897.0, 5.0, 924.3500000000004]
[263.8583082648655, 555.714143941867, -894.0, 5.0, 923.1000000000004]
[264.38095058120376, 550.7415344650256, -891.0, 5.0, 921.8500000000004]
[265.1631229064049, 545.8030927620499, -888.0, 5.0, 920.6000000000004]
[266.2026813604937, 540.9123547583808, -885.0, 5.0, 919.3500000000004]
[267.4967765860063, 536.0827256269355, -882.0, 5.0, 918.1000000000004]
[269.0418615578811, 531.3274430454597, -879.0, 5.0, 916.8500000000004]
[270.8337013056076, 526.6595409129737, -876.0, 5.0, 915.6000000000004]
[272.8673845209866, 522.0918136247608, -873.0, 5.0, 914.3500000000004]
[275.1373370196843, 517.6367810038189, -870.0, 5.0, 913.1000000000004]
[277.6373370196843, 513.3066539848967, -867.0, 5.0, 911.8500000000004]
[280.36053219475946, 509.11330114516954, -864.0, 5.0, 910.6000000000004]
[283.2994584562218, 505.0682161732948, -861.0, 5.0, 909.3500000000004]
[286.446060411471, 501.1824863660099, -858.0, 5.0, 908.1000000000004]
[289.79171344326534, 497.46676223862295, -855.0, 5.0, 906.8500000000004]
[293.3272473491981, 493.93122833269024, -852.0, 5.0, 905.6000000000004]
[297.0429714765851, 490.5855753008959, -849.0, 5.0, 904.3500000000004]
[300.92870128386994, 487.43897334564673, -846.0, 5.0, 903.1000000000004]
[304.9737862557447, 484.50004708418436, -843.0, 5.0, 901.8500000000004]
[309.16713909547184, 481.7768519091092, -840.0, 5.0, 900.6000000000004]
[313.49726611439405, 479.2768519091092, -837.0, 5.0, 899.3500000000004]
[317.9522987353359, 477.0068994104115, -834.0, 5.0, 898.1000000000004]
[322.5200260235489, 474.9732161950325, -831.0, 5.0, 896.8500000000004]
[327.1879281560349, 473.181376447306, -828.0, 5.0, 895.6000000000004]
[331.94321073751064, 471.6362914754312, -825.0, 5.0, 894.3500000000004]
[336.772839868956, 470.34219624991863, -822.0, 5.0, 893.1000000000004]
[341.663577872625, 469.3026377958298, -819.0, 5.0, 891.8500000000004]
[346.6020195756007, 468.52046547062866, -816.0, 5.0, 890.6000000000004]
[351.57462905244205, 467.9978231542904, -813.0, 5.0, 889.3500000000004]
[356.5677767262149, 467.7361433730757, -810.0, 5.0, 888.1000000000004]
[361.5677767262149, 467.7361433730757, -807.0, 5.0, 886.8500000000004]
[366.56092439998775, 467.9978231542904, -804.0, 5.0, 885.6000000000004]
[371.5335338768291, 468.52046547062866, -801.0, 5.0, 884.3500000000004]
[376.4719755798048, 469.3026377958298, -798.0, 5.0, 883.1000000000004]
[381.3627135834738, 470.34219624991863, -798.0, 5.0, 881.8500000000004]
[386.2534515871428, 471.38175470400745, -798.0, 5.0, 880.6000000000004]
[391.14418959081183, 472.42131315809627, -798.0, 5.0, 879.3500000000004]
[396.03492759448085, 473.4608716121851, -798.0, 5.0, 878.1000000000004]
[400.92566559814986, 474.5004300662739, -798.0, 5.0, 876.8500000000004]
[405.8164036018189, 475.5399885203627, -798.0, 5.0, 875.6000000000004]
[410.7071416054879, 476.57954697445155, -798.0, 5.0, 874.3500000000004]
[415.5978796091569, 477.61910542854037, -798.0, 5.0, 873.1000000000004]
[420.4886176128259, 478.6586638826292, -798.0, 5.0, 871.8500000000004]
[425.37935561649493, 479.698222336718, -798.0, 5.0, 870.6000000000004]
[430.27009362016395, 480.7377807908068, -798.0, 5.0, 869.3500000000004]
[435.16083162383296, 481.77733924489564, -798.0, 5.0, 868.1000000000004]
[440.051569627502, 482.81689769898446, -798.0, 5.0, 866.8500000000004]
[444.942307631171, 483.8564561530733, -798.0, 5.0, 865.6000000000004]
[449.83304563484, 484.8960146071621, -798.0, 5.0, 864.3500000000004]
[454.723783638509, 485.9355730612509, -798.0, 5.0, 863.1000000000004]
[459.61452164217803, 486.97513151533974, -798.0, 5.0, 861.8500000000004]
[464.50525964584705, 488.01468996942856, -798.0, 5.0, 860.6000000000004]
[469.39599764951606, 489.0542484235174, -798.0, 5.0, 859.3500000000004]
[474.2867356531851, 490.0938068776062, -798.0, 5.0, 858.1000000000004]
[479.1774736568541, 491.133365331695, -798.0, 5.0, 856.8500000000004]
[484.0682116605231, 492.17292378578384, -801.0, 5.0, 855.6000000000004]
[489.0066533634988, 492.955096110985, -804.0, 5.0, 854.3500000000004]
[493.97926284034014, 493.47773842732323, -807.0, 5.0, 853.1000000000004]
[498.972410514113, 493.7394182085379, -810.0, 5.0, 851.8500000000004]
[503.972410514113, 493.7394182085379, -813.0, 5.0, 850.6000000000004]
[508.96555818788585, 493.47773842732323, -816.0, 5.0, 849.3500000000004]
[513.9381676647272, 492.955096110985, -819.0, 5.0, 848.1000000000004]
[518.8766093677028, 492.17292378578384, -819.0, 5.0, 846.8500000000004]
[523.8150510706785, 491.3907514605827, -819.0, 5.0, 845.6000000000004]
[528.7534927736541, 490.60857913538155, -819.0, 5.0, 844.3500000000004]
[533.6919344766297, 489.8264068101804, -819.0, 5.0, 843.1000000000004]
[538.6303761796054, 489.04423448497926, -819.0, 5.0, 841.8500000000004]
[543.568817882581, 488.2620621597781, -819.0, 5.0, 840.6000000000004]
[548.5072595855567, 487.47988983457697, -819.0, 5.0, 839.3500000000004]
[553.4457012885323, 486.6977175093758, -819.0, 5.0, 838.1000000000004]
[558.3841429915079, 485.9155451841747, -819.0, 5.0, 836.8500000000004]
[563.3225846944836, 485.13337285897353, -819.0, 5.0, 835.6000000000004]
[568.2610263974592, 484.3512005337724, -819.0, 5.0, 834.3500000000004]
[573.1994681004348, 483.56902820857124, -819.0, 5.0, 833.1000000000004]
[578.1379098034105, 482.7868558833701, -819.0, 5.0, 831.8500000000004]
[583.0763515063861, 482.00468355816895, -819.0, 5.0, 830.6000000000004]
[588.0147932093618, 481.2225112329678, -819.0, 5.0, 829.3500000000004]
[592.9532349123374, 480.44033890776666, -819.0, 5.0, 828.1000000000004]
[597.891676615313, 479.6581665825655, -819.0, 5.0, 826.8500000000004]
[602.8301183182887, 478.87599425736437, -822.0, 5.0, 825.6000000000004]
[607.7208563219577, 477.83643580327555, -825.0, 5.0, 824.3500000000004]
[612.5504854534031, 476.54234057776296, -828.0, 5.0, 823.1000000000004]
[617.3057680348788, 474.9972556058882, -831.0, 5.0, 821.8500000000004]
[621.9736701673648, 473.2054158581617, -834.0, 5.0, 820.6000000000004]
[626.5413974555778, 471.1717326427827, -837.0, 5.0, 819.3500000000004]
[630.9964300765197, 468.90178014408497, -840.0, 5.0, 818.1000000000004]
[635.3265570954419, 466.40178014408497, -843.0, 5.0, 816.8500000000004]
[639.519909935169, 463.6785849690098, -846.0, 5.0, 815.6000000000004]
[643.5649949070438, 460.73965870754745, -849.0, 5.0, 814.3500000000004]
[647.4507247143287, 457.59305675229825, -852.0, 5.0, 813.1000000000004]
[651.1664488417156, 454.24740372050394, -855.0, 5.0, 811.8500000000004]
[654.7019827476483, 450.71186981457123, -858.0, 5.0, 810.6000000000004]
[658.0476357794427, 446.99614568718425, -861.0, 5.0, 809.3500000000004]
[661.1942377346918, 443.1104158798994, -864.0, 5.0, 808.1000000000004]
[664.1331639961542, 439.06533090802463, -867.0, 5.0, 806.8500000000004]
[666.8563591712293, 434.8719780682975, -870.0, 5.0, 805.6000000000004]
[669.3563591712293, 430.5418510493753, -873.0, 5.0, 804.3500000000004]
[671.6263116699271, 426.08681842843345, -876.0, 5.0, 803.1000000000004]
[673.6599948853061, 421.51909114022044, -879.0, 5.0, 801.8500000000004]
[675.4518346330326, 416.85118900773443, -882.0, 5.0, 800.6000000000004]
[676.9969196049074, 412.0959064262587, -885.0, 5.0, 799.3500000000004]
[678.29101483042, 407.26627729481334, -888.0, 5.0, 798.1000000000004]
[679.3305732845088, 402.3755392911443, -891.0, 5.0, 796.8500000000004]
[680.1127456097099, 397.4370975881686, -894.0, 5.0, 795.6000000000004]
[680.6353879260482, 392.4644881113273, -897.0, 5.0, 794.3500000000004]
[680.897067707263, 387.47134043755443, -897.0, 5.0, 793.1000000000004]
[681.1587474884777, 382.4781927637816, -897.0, 5.0, 791.8500000000004]
[681.4204272696925, 377.4850450900087, -897.0, 5.0, 790.6000000000004]
[681.6821070509072, 372.4918974162359, -897.0, 5.0, 789.3500000000004]
[681.943786832122, 367.498749742463, -897.0, 5.0, 788.1000000000004]
[682.2054666133367, 362.50560206869017, -897.0, 5.0, 786.8500000000004]
[682.4671463945515, 357.5124543949173, -897.0, 5.0, 785.6000000000004]
[682.7288261757662, 352.51930672114446, -897.0, 5.0, 784.3500000000004]
[682.990505956981, 347.5261590473716, -897.0, 5.0, 783.1000000000004]
[683.2521857381957, 342.53301137359875, -897.0, 5.0, 781.8500000000004]
[683.5138655194105, 337.5398636998259, -897.0, 5.0, 780.6000000000004]
[683.7755453006253, 332.54671602605305, -897.0, 5.0, 779.3500000000004]
[684.03722508184, 327.5535683522802, -897.0, 5.0, 778.1000000000004]
[684.2989048630548, 322.56042067850734, -897.0, 5.0, 776.8500000000004]
[684.5605846442695, 317.5672730047345, -897.0, 5.0, 775.6000000000004]
[684.8222644254843, 312.57412533096164, -897.0, 5.0, 774.3500000000004]
[685.083944206699, 307.5809776571888, -897.0, 5.0, 773.1000000000004]
[685.3456239879138, 302.58782998341593, -897.0, 5.0, 771.8500000000004]
[685.6073037691285, 297.5946823096431, -897.0, 5.0, 770.6000000000004]
[685.8689835503433, 292.6015346358702, -897.0, 5.0, 769.3500000000004]
[686.130663331558, 287.60838696209737, -897.0, 5.0, 768.1000000000004]
[686.3923431127728, 282.6152392883245, -900.0, 5.0, 766.8500000000004]
[686.3923431127728, 277.6152392883245, -903.0, 5.0, 765.6000000000004]
[686.130663331558, 272.62209161455166, -906.0, 5.0, 764.3500000000004]
[685.6080210152197, 267.6494821377103, -909.0, 5.0, 763.1000000000004]
[684.8258486900186, 262.7110404347346, -912.0, 5.0, 761.8500000000004]
[683.7862902359298, 257.8203024310656, -915.0, 5.0, 760.6000000000004]
[682.4921950104172, 252.99067329962028, -918.0, 5.0, 759.3500000000004]
[680.9471100385424, 248.23539071814452, -921.0, 5.0, 758.1000000000004]
[679.1552702908159, 243.5674885856585, -924.0, 5.0, 756.8500000000004]
[677.1215870754369, 238.9997612974455, -927.0, 5.0, 755.6000000000004]
[674.8516345767391, 234.54472867650367, -930.0, 5.0, 754.3500000000004]
[672.3516345767391, 230.21460165758148, -933.0, 5.0, 753.1000000000004]
[669.628439401664, 226.02124881785437, -936.0, 5.0, 751.8500000000004]
[666.6895131402016, 221.97616384597964, -939.0, 5.0, 750.6000000000004]
[663.5429111849525, 218.09043403869478, -942.0, 5.0, 749.3500000000004]
[660.1972581531581, 214.3747099113078, -945.0, 5.0, 748.1000000000004]
[656.6617242472254, 210.83917600537507, -948.0, 5.0, 746.8500000000004]
[652.9460001198385, 207.49352297358078, -951.0, 5.0, 745.6000000000004]
[649.0602703125536, 204.34692101833159, -954.0, 5.0, 744.3500000000004]
[645.0151853406788, 201.40799475686921, -957.0, 5.0, 743.1000000000004]
[640.8218325009517, 198.68479958179407, -960.0, 5.0, 741.8500000000004]
[636.4917054820295, 196.18479958179407, -963.0, 5.0, 740.6000000000004]
[632.0366728610876, 193.91484708309633, -966.0, 5.0, 739.3500000000004]
[627.4689455728746, 191.88116386771733, -969.0, 5.0, 738.1000000000004]
[622.8010434403886, 190.08932411999083, -972.0, 5.0, 736.8500000000004]
[618.0457608589129, 188.5442391481161, -975.0, 5.0, 735.6000000000004]
[613.2161317274675, 187.2501439226035, -978.0, 5.0, 734.3500000000004]
[608.3253937237985, 186.21058546851472, -978.0, 5.0, 733.1000000000004]
[603.4346557201294, 185.17102701442593, -978.0, 5.0, 731.8500000000004]
[598.5439177164603, 184.13146856033714, -978.0, 5.0, 730.6000000000004]
[593.6531797127913, 183.09191010624835, -978.0, 5.0, 729.3500000000004]
[588.7624417091222, 182.05235165215956, -978.0, 5.0, 728.1000000000004]
[583.8717037054531, 181.01279319807077, -978.0, 5.0, 726.8500000000004]
[578.980965701784, 179.97323474398198, -978.0, 5.0, 725.6000000000004]
[574.090227698115, 178.93367628989319, -978.0, 5.0, 724.3500000000004]
[569.1994896944459, 177.8941178358044, -978.0, 5.0, 723.1000000000004]
[564.3087516907768, 176.8545593817156, -978.0, 5.0, 721.8500000000004]
[559.4180136871078, 175.8150009276268, -978.0, 5.0, 720.6000000000004]
[554.5272756834387, 174.77544247353802, -978.0, 5.0, 719.3500000000004]
[549.6365376797696, 173.73588401944923, -978.0, 5.0, 718.1000000000004]
[544.7457996761005, 172.69632556536044, -978.0, 5.0, 716.8500000000004]
[539.8550616724315, 171.65676711127165, -978.0, 5.0, 715.6000000000004]
[534.9643236687624, 170.61720865718286, -978.0, 5.0, 714.3500000000004]
[530.0735856650933, 169.57765020309407, -978.0, 5.0, 713.1000000000004]
[525.1828476614243, 168.53809174900528, -978.0, 5.0, 711.8500000000004]
[520.2921096577552, 167.49853329491648, -978.0, 5.0, 710.6000000000004]
[515.4013716540861, 166.4589748408277, -978.0, 5.0, 709.3500000000004]
[510.5106336504171, 165.4194163867389, -978.0, 5.0, 708.1000000000004]
[505.6198956467481, 164.3798579326501, -978.0, 5.0, 706.8500000000004]
[500.7291576430791, 163.34029947856132, -978.0, 5.0, 705.6000000000004]
[495.83841963941006, 162.30074102447253, -978.0, 5.0, 704.3500000000004]
[490.94768163574105, 161.26118257038374, -978.0, 5.0, 703.1000000000004]
[486.05694363207203, 160.22162411629495, -978.0, 5.0, 701.8500000000004]
[481.166205628403, 159.18206566220616, -978.0, 5.0, 700.6000000000004]
[476.275467624734, 158.14250720811737, -978.0, 5.0, 699.3500000000004]
[471.384729621065, 157.10294875402857, -978.0, 5.0, 698.1000000000004]
[466.493991617396, 156.06339029993978, -978.0, 5.0, 696.8500000000004]
[461.60325361372696, 155.023831845851, -978.0, 5.0, 695.6000000000004]
[456.71251561005795, 153.9842733917622, -978.0, 5.0, 694.3500000000004]
[451.82177760638893, 152.9447149376734, -978.0, 5.0, 693.1000000000004]
[446.9310396027199, 151.90515648358462, -978.0, 5.0, 691.8500000000004]
[442.0403015990509, 150.86559802949583, -978.0, 5.0, 690.6000000000004]
[437.1495635953819, 149.82603957540704, -978.0, 5.0, 689.3500000000004]
[432.2588255917129, 148.78648112131825, -978.0, 5.0, 688.1000000000004]
[427.36808758804386, 147.74692266722946, -978.0, 5.0, 686.8500000000004]
[422.47734958437485, 146.70736421314066, -975.0, 5.0, 685.6000000000004]
[417.6477204529295, 145.41326898762807, -972.0, 5.0, 684.3500000000004]
[412.89243787145375, 143.86818401575334, -969.0, 5.0, 683.1000000000004]
[408.22453573896775, 142.07634426802684, -966.0, 5.0, 681.8500000000004]
[403.65680845075474, 140.04266105264784, -963.0, 5.0, 680.6000000000004]
[399.2017758298129, 137.7727085539501, -960.0, 5.0, 679.3500000000004]
[394.8716488108907, 135.2727085539501, -957.0, 5.0, 678.1000000000004]
[390.67829597116355, 132.54951337887496, -954.0, 5.0, 676.8500000000004]
[386.6332109992888, 129.6105871174126, -951.0, 5.0, 675.6000000000004]
[382.74748119200393, 126.4639851621634, -948.0, 5.0, 674.3500000000004]
[379.03175706461695, 123.1183321303691, -945.0, 5.0, 673.1000000000004]
[375.4962231586842, 119.58279822443636, -942.0, 5.0, 671.8500000000004]
[372.1505701268899, 115.86707409704938, -939.0, 5.0, 670.6000000000004]
[369.0039681716407, 111.98134428976452, -936.0, 5.0, 669.3500000000004]
[366.0650419101783, 107.93625931788978, -936.0, 5.0, 668.1000000000004]
[363.12611564871594, 103.89117434601503, -936.0, 5.0, 666.8500000000004]
[360.18718938725357, 99.84608937414029, -936.0, 5.0, 665.6000000000004]
[357.2482631257912, 95.80100440226555, -936.0, 5.0, 664.3500000000004]
[354.3093368643288, 91.7559194303908, -936.0, 5.0, 663.1000000000004]
[351.37041060286646, 87.71083445851606, -936.0, 5.0, 661.8500000000004]
[348.4314843414041, 83.66574948664132, -936.0, 5.0, 660.6000000000004]
[345.4925580799417, 79.62066451476657, -939.0, 5.0, 659.3500000000004]
[342.3459561246925, 75.73493470748171, -942.0, 5.0, 658.1000000000004]
[339.0003030928982, 72.01921058009474, -945.0, 5.0, 656.8500000000004]
[335.46476918696544, 68.483676674162, -948.0, 5.0, 655.6000000000004]
[331.74904505957846, 65.1380236423677, -951.0, 5.0, 654.3500000000004]
[327.8633152522936, 61.99142168711851, -954.0, 5.0, 653.1000000000004]
[323.81823028041885, 59.05249542565614, -957.0, 5.0, 651.8500000000004]
[319.6248774406917, 56.32930025058101, -960.0, 5.0, 650.6000000000004]
[315.2947504217695, 53.82930025058101, -963.0, 5.0, 649.3500000000004]
[310.83971780082766, 51.55934775188327, -966.0, 5.0, 648.1000000000004]
[306.27199051261465, 49.525664536504266, -969.0, 5.0, 646.8500000000004]
[310.93989264510066, 51.31750428423077, -969.0, 0.0, 646.7875000000004]
[310.93989264510066, 51.31750428423077, -972.0, 0.0, 646.7250000000004]
[310.93989264510066, 51.31750428423077, -975.0, 0.0, 646.6625000000004]
[310.93989264510066, 51.31750428423077, -978.0, 0.0, 646.6000000000004]
[310.93989264510066, 51.31750428423077, -981.0, 0.0, 646.5375000000004]
[310.93989264510066, 51.31750428423077, -984.0, 0.0, 646.4750000000004]
[310.93989264510066, 51.31750428423077, -987.0, 0.0, 646.4125000000004]
[310.93989264510066, 51.31750428423077, -990.0, 0.0, 646.3500000000004]
[310.93989264510066, 51.31750428423077, -993.0, 0.0, 646.2875000000004]
[310.93989264510066, 51.31750428423077, -996.0, 0.0, 646.2250000000004]
[310.93989264510066, 51.31750428423077, -999.0, 0.0, 646.1625000000004]
[310.93989264510066, 51.31750428423077, -1002.0, 0.0, 646.1000000000004]
[310.93989264510066, 51.31750428423077, -1005.0, 0.0, 646.0375000000004]
[310.93989264510066, 51.31750428423077, -1008.0, 0.0, 645.9750000000004]
[310.84478699347113, 51.348405983668265, -1008.0, 0.1, 645.9500000000004]
[310.6545756902121, 51.41020938254326, -1008.0, 0.2, 645.9000000000004]
[310.3692587353235, 51.50291448085574, -1008.0, 0.30000000000000004, 645.8250000000004]
[309.9888361288055, 51.62652127860572, -1008.0, 0.4, 645.7250000000004]
[309.5133078706579, 51.78102977579319, -1008.0, 0.5, 645.6000000000004]
[308.9426739608808, 51.966439972418165, -1008.0, 0.6, 645.4500000000004]
[308.2769343994742, 52.18275186848063, -1008.0, 0.7, 645.2750000000004]
[307.5160891864381, 52.42996546398059, -1008.0, 0.7999999999999999, 645.0750000000004]
[306.6601383217724, 52.70808075891804, -1008.0, 0.8999999999999999, 644.8500000000004]
[305.70908180547724, 53.01709775329299, -1008.0, 0.9999999999999999, 644.6000000000004]
[304.6629196375526, 53.35701644710543, -1008.0, 1.0999999999999999, 644.3250000000004]
[303.5216518179984, 53.727836840355366, -1008.0, 1.2, 644.0250000000004]
[302.2852783468147, 54.129558933042794, -1008.0, 1.3, 643.7000000000004]
[300.9537992240015, 54.56218272516772, -1008.0, 1.4000000000000001, 643.3500000000004]
[299.52721444955876, 55.025708216730145, -1008.0, 1.5000000000000002, 642.9750000000004]
[298.0055240234865, 55.52013540773006, -1008.0, 1.6000000000000003, 642.5750000000004]
[296.38872794578475, 56.04546429816747, -1008.0, 1.7000000000000004, 642.1500000000004]
[294.6768262164535, 56.601694888042374, -1008.0, 1.8000000000000005, 641.7000000000004]
[292.8698188354927, 57.188827177354774, -1008.0, 1.9000000000000006, 641.2250000000004]
[290.9677058029024, 57.80686116610467, -1008.0, 2.0000000000000004, 640.7250000000004]
[288.97048711868257, 58.45579685429205, -1008.0, 2.1000000000000005, 640.2000000000004]
[286.8781627828332, 59.13563424191694, -1008.0, 2.2000000000000006, 639.6500000000004]
[284.69073279535434, 59.84637332897932, -1008.0, 2.3000000000000007, 639.0750000000004]
[282.408197156246, 60.58801411547919, -1008.0, 2.400000000000001, 638.4750000000004]
[280.0305558655081, 61.360556601416555, -1008.0, 2.500000000000001, 637.8500000000004]
[277.5578089231407, 62.16400078679142, -1008.0, 2.600000000000001, 637.2000000000004]
[274.9899563291438, 62.99834667160378, -1008.0, 2.700000000000001, 636.5250000000004]
[272.32699808351737, 63.86359425585363, -1008.0, 2.800000000000001, 635.8250000000004]
[269.5689341862614, 64.75974353954098, -1008.0, 2.9000000000000012, 635.1000000000004]
[266.7157646373759, 65.68679452266582, -1008.0, 3.0000000000000013, 634.3500000000004]
[263.76748943686096, 66.64474720522816, -1008.0, 3.1000000000000014, 633.5750000000004]
[260.7241085847165, 67.63360158722799, -1008.0, 3.2000000000000015, 632.7750000000004]
[257.58562208094247, 68.65335766866531, -1008.0, 3.3000000000000016, 631.9500000000004]
[254.35202992553894, 69.70401544954012, -1008.0, 3.4000000000000017, 631.1000000000004]
[251.0233321185059, 70.78557492985244, -1008.0, 3.5000000000000018, 630.2250000000004]
[247.59952865984334, 71.89803610960226, -1008.0, 3.600000000000002, 629.3250000000004]
[244.08061954955127, 73.04139898878957, -1008.0, 3.700000000000002, 628.4000000000004]
[240.46660478762968, 74.21566356741437, -1008.0, 3.800000000000002, 627.4500000000004]
[236.7574843740786, 75.42082984547666, -1008.0, 3.900000000000002, 626.4750000000004]
[232.95325830889797, 76.65689782297645, -1008.0, 4.000000000000002, 625.4750000000004]
[229.05392659208783, 77.92386749991373, -1008.0, 4.100000000000001, 624.4500000000004]
[225.0594892236482, 79.2217388762885, -1008.0, 4.200000000000001, 623.4000000000004]
[220.96994620357904, 80.55051195210078, -1008.0, 4.300000000000001, 622.3250000000004]
[216.78529753188036, 81.91018672735055, -1008.0, 4.4, 621.2250000000004]
[212.50554320855215, 83.30076320203781, -1008.0, 4.5, 620.1000000000004]
[208.13068323359445, 84.72224137616257, -1008.0, 4.6, 618.9500000000004]
[203.66071760700723, 86.17462124972482, -1008.0, 4.699999999999999, 617.7750000000004]
[199.09564632879048, 87.65790282272457, -1008.0, 4.799999999999999, 616.5750000000004]
[194.43546939894424, 89.1720860951618, -1008.0, 4.899999999999999, 615.3500000000004]
[189.68018681746847, 90.71717106703653, -1008.0, 4.999999999999998, 614.1000000000004]
[184.9249042359927, 92.26225603891126, -1008.0, 5.0, 612.8500000000004]
[180.16962165451693, 93.80734101078599, -1008.0, 5.0, 611.6000000000004]
[175.41433907304116, 95.35242598266072, -1008.0, 5.0, 610.3500000000004]
[170.6590564915654, 96.89751095453545, -1008.0, 5.0, 609.1000000000004]
[165.90377391008963, 98.44259592641018, -1008.0, 5.0, 607.8500000000004]
[161.14849132861386, 99.9876808982849, -1008.0, 5.0, 606.6000000000004]
[156.3932087471381, 101.53276587015964, -1008.0, 5.0, 605.3500000000004]
[151.63792616566232, 103.07785084203437, -1008.0, 5.0, 604.1000000000004]
