[100.0, 100.0, 0.0, 0.0, 1200.0]
[100.0, 100.0, 0.0, 0.0, 1200.0]
[100.0, 100.0, 0.0, 0.0, 1200.0]
[100.0, 100.0, 0.0, 0.0, 1200.0]
[100.0, 100.0, 0.0, 0.0, 1200.0]
[100.0, 100.0, 0.0, 0.0, 1200.0]
[100.0, 100.0, 0.0, 0.0, 1200.0]
[100.0, 100.0, 0.0, 0.0, 1200.0]
[100.0, 100.0, 0.0, 0.0, 1200.0]
[100.0, 100.0, 0.0, 0.0, 1200.0]
[100.0, 100.0, 0.0, 0.0, 1200.0]
[100.0, 100.0, 0.0, 0.0, 1200.0]
[100.0, 100.0, 0.0, 0.0, 1200.0]
[100.0, 100.0, 0.0, 0.0, 1200.0]
[100.0, 100.0, 0.0, 0.0, 1200.0]
[100.0, 100.0, 0.0, 0.0, 1200.0]
[100.0, 100.0, 0.0, 0.0, 1200.0]
[100.0, 100.0, 0.0, 0.0, 1200.0]
[100.0, 100.0, 0.0, 0.0, 1200.0]
[100.0, 100.0, 0.0, 0.0, 1200.0]
[100.0, 100.0, 0.0, 0.0, 1200.0]
[100.0, 100.0, 0.0, 0.0, 1200.0]
[100.0, 100.0, 0.0, 0.0, 1200.0]
[100.0, 100.0, 0.0, 0.0, 1200.0]
[100.0, 100.0, 0.0, 0.0, 1200.0]
[100.0, 100.0, 0.0, 0.0, 1200.0]
[100.0, 100.0, 0.0, 0.0, 1200.0]
[100.0, 100.0, 0.0, 0.0, 1200.0]
[100.0, 100.0, 0.0, 0.0, 1200.0]
[100.0, 100.0, 0.0, 0.0, 1200.0]
[100.0, 100.0, 0.0, 0.0, 1200.0]
[100.0, 100.0, 0.0, 0.0, 1200.0]
[100.0, 100.0, 0.0, 0.0, 1200.0]
[100.0, 100.0, 0.0, 0.0, 1200.0]
[100.0, 100.0, 0.0, 0.0, 1200.0]
[100.0, 100.1, 0.0, 0.1, 1199.975]
[100.0, 100.3, 0.0, 0.2, 1199.925]
[100.0, 100.6, 0.0, 0.30000000000000004, 1199.85]
[100.0, 101.0, 0.0, 0.4, 1199.75]
[100.0, 101.5, 0.0, 0.5, 1199.625]
[100.0, 102.1, 0.0, 0.6, 1199.475]
[100.0, 102.8, 0.0, 0.7, 1199.3]
[100.0, 103.6, 0.0, 0.7999999999999999, 1199.1]
[100.0, 104.5, 0.0, 0.8999999999999999, 1198.875]
[100.0, 105.5, 0.0, 0.9999999999999999, 1198.625]
[100.0, 106.6, 0.0, 1.0999999999999999, 1198.35]
[100.0, 107.8, 0.0, 1.2, 1198.05]
[100.0, 109.1, 0.0, 1.3, 1197.725]
[100.0, 110.5, 0.0, 1.4000000000000001, 1197.375]
[100.0, 112.0, 0.0, 1.5000000000000002, 1197.0]
[100.0, 113.6, 0.0, 1.6000000000000003, 1196.6]
[100.0, 115.3, 0.0, 1.7000000000000004, 1196.175]
[100.0, 117.1, 0.0, 1.8000000000000005, 1195.725]
[100.0, 119.0, 0.0, 1.9000000000000006, 1195.25]
[100.0, 121.0, 0.0, 2.0000000000000004, 1194.75]
[100.0, 123.1, 0.0, 2.1000000000000005, 1194.225]
[100.0, 125.3, 0.0, 2.2000000000000006, 1193.675]
[100.0, 127.6, 0.0, 2.3000000000000007, 1193.1]
[100.0, 130.0, 0.0, 2.400000000000001, 1192.5]
[100.0, 132.5, 0.0, 2.500000000000001, 1191.875]
[100.0, 135.1, 0.0, 2.600000000000001, 1191.225]
[100.0, 137.79999999999998, 0.0, 2.700000000000001, 1190.55]
[100.0, 140.6, 0.0, 2.800000000000001, 1189.85]
[100.0, 143.5, 0.0, 2.9000000000000012, 1189.125]
[100.0, 146.5, 0.0, 3.0000000000000013, 1188.375]
[100.0, 149.6, 0.0, 3.1000000000000014, 1187.6]
[100.0, 152.79999999999998, 0.0, 3.2000000000000015, 1186.8]
[100.0, 156.1, 0.0, 3.3000000000000016, 1185.975]
[100.0, 159.5, 0.0, 3.4000000000000017, 1185.125]
[100.0, 163.0, 0.0, 3.5000000000000018, 1184.25]
[100.0, 166.5, 3.0, 3.5000000000000018, 1183.375]
[99.8168241531497, 169.995203371641, 6.0, 3.5000000000000018, 1182.5]
[99.4509745317129, 173.47603000542995, 9.0, 3.5000000000000018, 1181.625]
[98.9034539040721, 176.93293919751292, 12.0, 3.5000000000000018, 1180.75]
[98.15497181712816, 180.4542705601546, 12.0, 3.600000000000002, 1179.85]
[97.38569856110244, 184.0734166828697, 12.0, 3.700000000000002, 1178.925]
[96.59563413599496, 187.79037756565816, 12.0, 3.800000000000002, 1177.975]
[95.7847785418057, 191.60515320852, 12.0, 3.900000000000002, 1177.0]
[94.95313177853465, 195.51774361145522, 12.0, 4.000000000000002, 1176.0]
[94.10069384618184, 199.52814877446383, 12.0, 4.100000000000001, 1174.975]
[93.22746474474725, 203.6363686975458, 12.0, 4.200000000000001, 1173.925]
[92.33344447423089, 207.84240338070117, 12.0, 4.300000000000001, 1172.85]
[91.41863303463275, 212.14625282392993, 12.0, 4.4, 1171.75]
[90.48303042595283, 216.54791702723205, 12.0, 4.5, 1170.625]
[89.52663664819114, 221.04739599060755, 12.0, 4.6, 1169.475]
[88.57024287042945, 225.54687495398306, 9.0, 4.6, 1168.3249999999998]
[87.8506443312444, 230.0902413207207, 6.0, 4.6, 1167.1749999999997]
[87.36981340021319, 234.66504203941477, 3.0, 4.6, 1166.0249999999996]
[87.12906800149565, 239.25873789928582, 0.0, 4.6, 1164.8749999999995]
[87.12906800149565, 243.9587378992858, 0.0, 4.699999999999999, 1163.6999999999996]
[87.12906800149565, 248.75873789928582, 0.0, 4.799999999999999, 1162.4999999999995]
[87.12906800149565, 253.65873789928582, 0.0, 4.899999999999999, 1161.2749999999996]
[87.12906800149565, 258.6587378992858, 0.0, 4.999999999999998, 1160.0249999999996]
[87.12906800149565, 263.6587378992858, 0.0, 5.0, 1158.7749999999996]
[87.12906800149565, 268.6587378992858, 0.0, 5.0, 1157.5249999999996]
[87.12906800149565, 273.6587378992858, 0.0, 5.0, 1156.2749999999996]
[87.12906800149565, 278.6587378992858, 0.0, 5.0, 1155.0249999999996]
[87.12906800149565, 283.6587378992858, 0.0, 5.0, 1153.7749999999996]
[87.12906800149565, 288.6587378992858, 0.0, 5.0, 1152.5249999999996]
[87.12906800149565, 293.6587378992858, 0.0, 5.0, 1151.2749999999996]
[87.12906800149565, 298.6587378992858, 0.0, 5.0, 1150.0249999999996]
[87.12906800149565, 303.6587378992858, 0.0, 5.0, 1148.7749999999996]
[87.12906800149565, 308.6587378992858, 0.0, 5.0, 1147.5249999999996]
[87.12906800149565, 313.6587378992858, 0.0, 5.0, 1146.2749999999996]
[87.12906800149565, 318.6587378992858, 0.0, 5.0, 1145.0249999999996]
[87.12906800149565, 323.6587378992858, 0.0, 5.0, 1143.7749999999996]
[87.12906800149565, 328.6587378992858, 0.0, 5.0, 1142.5249999999996]
[87.12906800149565, 333.6587378992858, 0.0, 5.0, 1141.2749999999996]
[87.12906800149565, 338.6587378992858, 0.0, 5.0, 1140.0249999999996]
[87.12906800149565, 343.6587378992858, 0.0, 5.0, 1138.7749999999996]
[87.12906800149565, 348.6587378992858, 0.0, 5.0, 1137.5249999999996]
[87.12906800149565, 353.6587378992858, 0.0, 5.0, 1136.2749999999996]
[87.12906800149565, 358.6587378992858, 0.0, 5.0, 1135.0249999999996]
[87.12906800149565, 363.6587378992858, 0.0, 5.0, 1133.7749999999996]
[87.12906800149565, 368.6587378992858, 0.0, 5.0, 1132.5249999999996]
[87.12906800149565, 373.6587378992858, 0.0, 5.0, 1131.2749999999996]
[87.12906800149565, 378.6587378992858, 0.0, 5.0, 1130.0249999999996]
[87.12906800149565, 383.6587378992858, 0.0, 5.0, 1128.7749999999996]
[87.12906800149565, 388.6587378992858, 0.0, 5.0, 1127.5249999999996]
[87.12906800149565, 393.6587378992858, 0.0, 5.0, 1126.2749999999996]
[87.12906800149565, 398.6587378992858, 0.0, 5.0, 1125.0249999999996]
[87.12906800149565, 403.6587378992858, 0.0, 5.0, 1123.7749999999996]
[87.12906800149565, 408.6587378992858, 0.0, 5.0, 1122.5249999999996]
[87.12906800149565, 413.6587378992858, 0.0, 5.0, 1121.2749999999996]
[87.12906800149565, 418.6587378992858, 0.0, 5.0, 1120.0249999999996]
[87.12906800149565, 423.6587378992858, 0.0, 5.0, 1118.7749999999996]
[87.12906800149565, 428.6587378992858, 0.0, 5.0, 1117.5249999999996]
[87.12906800149565, 433.6587378992858, 0.0, 5.0, 1116.2749999999996]
[87.12906800149565, 438.6587378992858, 0.0, 5.0, 1115.0249999999996]
[87.12906800149565, 443.6587378992858, 0.0, 5.0, 1113.7749999999996]
[87.12906800149565, 448.6587378992858, 0.0, 5.0, 1112.5249999999996]
[87.12906800149565, 453.6587378992858, 0.0, 5.0, 1111.2749999999996]
[87.12906800149565, 458.6587378992858, 0.0, 5.0, 1110.0249999999996]
[87.12906800149565, 463.6587378992858, 0.0, 5.0, 1108.7749999999996]
[87.12906800149565, 468.6587378992858, 0.0, 5.0, 1107.5249999999996]
[87.12906800149565, 473.6587378992858, 0.0, 5.0, 1106.2749999999996]
[87.12906800149565, 478.6587378992858, 0.0, 5.0, 1105.0249999999996]
[87.12906800149565, 483.6587378992858, 0.0, 5.0, 1103.7749999999996]
[87.12906800149565, 488.6587378992858, 0.0, 5.0, 1102.5249999999996]
[87.12906800149565, 493.6587378992858, 0.0, 5.0, 1101.2749999999996]
[87.12906800149565, 498.6587378992858, 0.0, 5.0, 1100.0249999999996]
[87.12906800149565, 503.6587378992858, 0.0, 5.0, 1098.7749999999996]
[87.12906800149565, 508.6587378992858, 0.0, 5.0, 1097.5249999999996]
[87.12906800149565, 513.6587378992858, 0.0, 5.0, 1096.2749999999996]
[87.12906800149565, 518.6587378992858, 0.0, 5.0, 1095.0249999999996]
[87.12906800149565, 523.6587378992858, 0.0, 5.0, 1093.7749999999996]
[87.12906800149565, 528.6587378992858, 0.0, 5.0, 1092.5249999999996]
[87.12906800149565, 533.6587378992858, 0.0, 5.0, 1091.2749999999996]
[87.12906800149565, 538.6587378992858, 0.0, 5.0, 1090.0249999999996]
[87.12906800149565, 543.6587378992858, 0.0, 5.0, 1088.7749999999996]
[87.12906800149565, 548.6587378992858, 0.0, 5.0, 1087.5249999999996]
[87.12906800149565, 553.6587378992858, 0.0, 5.0, 1086.2749999999996]
[87.12906800149565, 558.6587378992858, 0.0, 5.0, 1085.0249999999996]
[87.12906800149565, 563.6587378992858, 0.0, 5.0, 1083.7749999999996]
[87.12906800149565, 568.6587378992858, 0.0, 5.0, 1082.5249999999996]
[87.12906800149565, 573.6587378992858, 0.0, 5.0, 1081.2749999999996]
[87.12906800149565, 578.6587378992858, 0.0, 5.0, 1080.0249999999996]
[87.12906800149565, 583.6587378992858, 0.0, 5.0, 1078.7749999999996]
[87.12906800149565, 588.6587378992858, 0.0, 5.0, 1077.5249999999996]
[87.12906800149565, 593.6587378992858, 0.0, 5.0, 1076.2749999999996]
[87.12906800149565, 598.6587378992858, -3.0, 5.0, 1075.0249999999996]
[87.39074778271038, 603.6518855730587, -6.0, 5.0, 1073.7749999999996]
[87.91339009904866, 608.6244950499001, -9.0, 5.0, 1072.5249999999996]
[88.69556242424981, 613.5629367528758, -12.0, 5.0, 1071.2749999999996]
[89.73512087833862, 618.4536747565448, -15.0, 5.0, 1070.0249999999996]
[91.02921610385123, 623.2833038879902, -18.0, 5.0, 1068.7749999999996]
[92.57430107572597, 628.0385864694659, -21.0, 5.0, 1067.5249999999996]
[94.36614082345247, 632.706488601952, -24.0, 5.0, 1066.2749999999996]
[96.39982403883147, 637.2742158901649, -27.0, 5.0, 1065.0249999999996]
[98.6697765375292, 641.7292485111068, -30.0, 5.0, 1063.7749999999996]
[101.1697765375292, 646.059375530029, -33.0, 5.0, 1062.5249999999996]
[103.89297171260434, 650.2527283697561, -36.0, 5.0, 1061.2749999999996]
[106.8318979740667, 654.2978133416309, -39.0, 5.0, 1060.0249999999996]
[109.97849992931589, 658.1835431489158, -42.0, 5.0, 1058.7749999999996]
[113.32415296111019, 661.8992672763027, -45.0, 5.0, 1057.5249999999996]
[116.85968686704292, 665.4348011822354, -48.0, 5.0, 1056.2749999999996]
[120.57541099442989, 668.7804542140298, -51.0, 5.0, 1055.0249999999996]
[124.46114080171475, 671.9270561692789, -54.0, 5.0, 1053.7749999999996]
[128.50622577358948, 674.8659824307413, -57.0, 5.0, 1052.5249999999996]
[132.6995786133166, 677.5891776058164, -60.0, 5.0, 1051.2749999999996]
[137.02970563223877, 680.0891776058164, -63.0, 5.0, 1050.0249999999996]
[141.4847382531806, 682.3591301045142, -66.0, 5.0, 1048.7749999999996]
[146.05246554139362, 684.3928133198932, -69.0, 5.0, 1047.5249999999996]
[150.72036767387962, 686.1846530676197, -72.0, 5.0, 1046.2749999999996]
[155.4756502553554, 687.7297380394945, -75.0, 5.0, 1045.0249999999996]
[160.30527938680072, 689.023833265007, -78.0, 5.0, 1043.7749999999996]
[165.19601739046973, 690.0633917190959, -81.0, 5.0, 1042.5249999999996]
[170.13445909344543, 690.845564044297, -84.0, 5.0, 1041.2749999999996]
[175.1070685702868, 691.3682063606353, -87.0, 5.0, 1040.0249999999996]
[180.10021624405968, 691.6298861418501, -90.0, 5.0, 1038.7749999999996]
[185.10021624405968, 691.6298861418501, -93.0, 5.0, 1037.5249999999996]
[190.09336391783256, 691.3682063606353, -96.0, 5.0, 1036.2749999999996]
[195.06597339467393, 690.845564044297, -99.0, 5.0, 1035.0249999999996]
[200.00441509764963, 690.0633917190959, -102.0, 5.0, 1033.7749999999996]
[204.89515310131864, 689.023833265007, -105.0, 5.0, 1032.5249999999996]
[209.72478223276397, 687.7297380394945, -108.0, 5.0, 1031.2749999999996]
[214.48006481423974, 686.1846530676197, -111.0, 5.0, 1030.0249999999996]
[219.14796694672575, 684.3928133198932, -114.0, 5.0, 1028.7749999999996]
[223.71569423493875, 682.3591301045142, -117.0, 5.0, 1027.5249999999996]
[228.1707268558806, 680.0891776058164, -120.0, 5.0, 1026.2749999999996]
[232.50085387480277, 677.5891776058164, -123.0, 5.0, 1025.0249999999996]
[236.69420671452988, 674.8659824307413, -126.0, 5.0, 1023.7749999999996]
[240.7392916864046, 671.9270561692789, -129.0, 5.0, 1022.5249999999996]
[244.62502149368947, 668.7804542140298, -132.0, 5.0, 1021.2749999999996]
[248.34074562107645, 665.4348011822354, -135.0, 5.0, 1020.0249999999996]
[251.8762795270092, 661.8992672763027, -138.0, 5.0, 1018.7749999999996]
[255.22193255880347, 658.1835431489158, -141.0, 5.0, 1017.5249999999996]
[258.36853451405267, 654.2978133416309, -144.0, 5.0, 1016.2749999999996]
[261.30746077551504, 650.2527283697561, -147.0, 5.0, 1015.0249999999996]
[264.0306559505902, 646.059375530029, -150.0, 5.0, 1013.7749999999996]
[266.5306559505902, 641.7292485111068, -153.0, 5.0, 1012.5249999999996]
[268.8006084492879, 637.2742158901649, -156.0, 5.0, 1011.2749999999996]
[270.83429166466686, 632.706488601952, -159.0, 5.0, 1010.0249999999996]
[272.62613141239336, 628.0385864694659, -162.0, 5.0, 1008.7749999999996]
[274.1712163842681, 623.2833038879902, -165.0, 5.0, 1007.5249999999996]
[275.4653116097807, 618.4536747565448, -168.0, 5.0, 1006.2749999999996]
[276.50487006386953, 613.5629367528758, -171.0, 5.0, 1005.0249999999996]
[277.2870423890707, 608.6244950499001, -174.0, 5.0, 1003.7749999999996]
[277.8096847054089, 603.6518855730587, -177.0, 5.0, 1002.5249999999996]
[278.0713644866236, 598.6587378992858, -177.0, 5.0, 1001.2749999999996]
[278.3330442678383, 593.6655902255129, -177.0, 5.0, 1000.0249999999996]
[278.594724049053, 588.67244255174, -177.0, 5.0, 998.7749999999996]
[278.8564038302677, 583.6792948779671, -174.0, 5.0, 997.5249999999996]
[279.37904614660596, 578.7066854011257, -171.0, 5.0, 996.2749999999996]
[280.1612184718071, 573.7682436981501, -168.0, 5.0, 995.0249999999996]
[281.2007769258959, 568.877505694481, -165.0, 5.0, 993.7749999999996]
[282.4948721514085, 564.0478765630356, -162.0, 5.0, 992.5249999999996]
[284.0399571232833, 559.2925939815599, -159.0, 5.0, 991.2749999999996]
[285.8317968710098, 554.6246918490739, -156.0, 5.0, 990.0249999999996]
[287.86548008638874, 550.0569645608609, -153.0, 5.0, 988.7749999999996]
[290.13543258508645, 545.601931939919, -150.0, 5.0, 987.5249999999996]
[292.63543258508645, 541.2718049209968, -147.0, 5.0, 986.2749999999996]
[295.3586277601616, 537.0784520812697, -144.0, 5.0, 985.0249999999996]
[298.29755402162397, 533.0333671093949, -141.0, 5.0, 983.7749999999996]
[301.44415597687316, 529.1476373021101, -138.0, 5.0, 982.5249999999996]
[304.7898090086675, 525.4319131747231, -135.0, 5.0, 981.2749999999996]
[308.3253429146002, 521.8963792687904, -132.0, 5.0, 980.0249999999996]
[312.04106704198716, 518.5507262369961, -129.0, 5.0, 978.7749999999996]
[315.926796849272, 515.4041242817469, -126.0, 5.0, 977.5249999999996]
[319.9718818211468, 512.4651980202846, -123.0, 5.0, 976.2749999999996]
[324.1652346608739, 509.7420028452094, -120.0, 5.0, 975.0249999999996]
[328.49536167979613, 507.2420028452094, -117.0, 5.0, 973.7749999999996]
[332.95039430073797, 504.97205034651165, -114.0, 5.0, 972.5249999999996]
[337.518121588951, 502.9383671311326, -111.0, 5.0, 971.2749999999996]
[342.186023721437, 501.1465273834061, -108.0, 5.0, 970.0249999999996]
[346.9413063029127, 499.60144241153137, -105.0, 5.0, 968.7749999999996]
[351.7709354343581, 498.3073471860188, -102.0, 5.0, 967.5249999999996]
[356.6616734380271, 497.26778873192995, -99.0, 5.0, 966.2749999999996]
[361.6001151410028, 496.4856164067288, -96.0, 5.0, 965.0249999999996]
[366.57272461784413, 495.96297409039056, -93.0, 5.0, 963.7749999999996]
[371.565872291617, 495.70129430917586, -93.0, 5.0, 962.5249999999996]
[376.55901996538984, 495.43961452796117, -93.0, 5.0, 961.2749999999996]
[381.5521676391627, 495.1779347467465, -93.0, 5.0, 960.0249999999996]
[386.54531531293554, 494.9162549655318, -93.0, 5.0, 958.7749999999996]
[391.5384629867084, 494.6545751843171, -93.0, 5.0, 957.5249999999996]
[396.53161066048125, 494.3928954031024, -93.0, 5.0, 956.2749999999996]
[401.5247583342541, 494.1312156218877, -93.0, 5.0, 955.0249999999996]
[406.51790600802696, 493.869535840673, -93.0, 5.0, 953.7749999999996]
[411.5110536817998, 493.6078560594583, -93.0, 5.0, 952.5249999999996]
[416.50420135557266, 493.3461762782436, -93.0, 5.0, 951.2749999999996]
[421.4973490293455, 493.0844964970289, -93.0, 5.0, 950.0249999999996]
[426.49049670311837, 492.8228167158142, -93.0, 5.0, 948.7749999999996]
[431.4836443768912, 492.5611369345995, -93.0, 5.0, 947.5249999999996]
[436.4767920506641, 492.2994571533848, -93.0, 5.0, 946.2749999999996]
[441.4699397244369, 492.0377773721701, -93.0, 5.0, 945.0249999999996]
[446.4630873982098, 491.77609759095543, -93.0, 5.0, 943.7749999999996]
[451.45623507198263, 491.51441780974073, -93.0, 5.0, 942.5249999999996]
[456.4493827457555, 491.25273802852604, -93.0, 5.0, 941.2749999999996]
[461.44253041952834, 490.99105824731134, -93.0, 5.0, 940.0249999999996]
[466.4356780933012, 490.72937846609665, -93.0, 5.0, 938.7749999999996]
[471.42882576707404, 490.46769868488195, -93.0, 5.0, 937.5249999999996]
[476.4219734408469, 490.20601890366726, -93.0, 5.0, 936.2749999999996]
[481.41512111461975, 489.94433912245256, -93.0, 5.0, 935.0249999999996]
[486.4082687883926, 489.68265934123787, -93.0, 5.0, 933.7749999999996]
[491.40141646216546, 489.42097956002317, -93.0, 5.0, 932.5249999999996]
[496.3945641359383, 489.1592997788085, -93.0, 5.0, 931.2749999999996]
[501.38771180971116, 488.8976199975938, -93.0, 5.0, 930.0249999999996]
[506.380859483484, 488.6359402163791, -93.0, 5.0, 928.7749999999996]
[511.37400715725687, 488.3742604351644, -93.0, 5.0, 927.5249999999996]
[516.3671548310298, 488.1125806539497, -93.0, 5.0, 926.2749999999996]
[521.3603025048027, 487.850900872735, -93.0, 5.0, 925.0249999999996]
[526.3534501785756, 487.5892210915203, -93.0, 5.0, 923.7749999999996]
[531.3465978523485, 487.3275413103056, -93.0, 5.0, 922.5249999999996]
[536.3397455261214, 487.0658615290909, -93.0, 5.0, 921.2749999999996]
[541.3328931998943, 486.8041817478762, -93.0, 5.0, 920.0249999999996]
[546.3260408736672, 486.5425019666615, -93.0, 5.0, 918.7749999999996]
[551.3191885474401, 486.2808221854468, -93.0, 5.0, 917.5249999999996]
[556.3123362212131, 486.0191424042321, -93.0, 5.0, 916.2749999999996]
[561.305483894986, 485.75746262301743, -93.0, 5.0, 915.0249999999996]
[566.2986315687589, 485.49578284180274, -93.0, 5.0, 913.7749999999996]
[571.2917792425318, 485.23410306058804, -93.0, 5.0, 912.5249999999996]
[576.2849269163047, 484.97242327937334, -93.0, 5.0, 911.2749999999996]
[581.2780745900776, 484.71074349815865, -93.0, 5.0, 910.0249999999996]
[586.2712222638505, 484.44906371694395, -93.0, 5.0, 908.7749999999996]
[591.2643699376234, 484.18738393572926, -93.0, 5.0, 907.5249999999996]
[596.2575176113963, 483.92570415451456, -93.0, 5.0, 906.2749999999996]
[601.2506652851692, 483.66402437329987, -96.0, 5.0, 905.0249999999996]
[606.2232747620106, 483.1413820569616, -99.0, 5.0, 903.7749999999996]
[611.1617164649863, 482.3592097317605, -102.0, 5.0, 902.5249999999996]
[616.0524544686554, 481.31965127767165, -105.0, 5.0, 901.2749999999996]
[620.8820836001007, 480.02555605215906, -108.0, 5.0, 900.0249999999996]
[625.6373661815765, 478.4804710802843, -111.0, 5.0, 898.7749999999996]
[630.3052683140625, 476.6886313325578, -114.0, 5.0, 897.5249999999996]
[634.8729956022754, 474.6549481171788, -117.0, 5.0, 896.2749999999996]
[639.3280282232173, 472.384995618481, -120.0, 5.0, 895.0249999999996]
[643.6581552421395, 469.884995618481, -123.0, 5.0, 893.7749999999996]
[647.8515080818667, 467.16180044340587, -126.0, 5.0, 892.5249999999996]
[651.8965930537414, 464.2228741819435, -129.0, 5.0, 891.2749999999996]
[655.7823228610263, 461.0762722266943, -132.0, 5.0, 890.0249999999996]
[659.4980469884132, 457.7306191949, -135.0, 5.0, 888.7749999999996]
[663.033580894346, 454.1950852889672, -138.0, 5.0, 887.5249999999996]
[666.3792339261403, 450.47936116158024, -141.0, 5.0, 886.2749999999996]
[669.5258358813894, 446.5936313542954, -144.0, 5.0, 885.0249999999996]
[672.4647621428518, 442.5485463824206, -147.0, 5.0, 883.7749999999996]
[675.1879573179269, 438.3551935426935, -150.0, 5.0, 882.5249999999996]
[677.6879573179269, 434.0250665237713, -153.0, 5.0, 881.2749999999996]
[679.9579098166247, 429.57003390282944, -156.0, 5.0, 880.0249999999996]
[681.9915930320037, 425.00230661461643, -159.0, 5.0, 878.7749999999996]
[683.7834327797302, 420.3344044821304, -162.0, 5.0, 877.5249999999996]
[685.328517751605, 415.5791219006547, -165.0, 5.0, 876.2749999999996]
[686.6226129771176, 410.7494927692093, -168.0, 5.0, 875.0249999999996]
[687.6621714312064, 405.8587547655403, -171.0, 5.0, 873.7749999999996]
[688.4443437564075, 400.9203130625646, -174.0, 5.0, 872.5249999999996]
[688.9669860727458, 395.9477035857233, -177.0, 5.0, 871.2749999999996]
[689.2286658539606, 390.9545559119504, -180.0, 5.0, 870.0249999999996]
[689.2286658539606, 385.9545559119504, -180.0, 5.0, 868.7749999999996]
[689.2286658539606, 380.9545559119504, -180.0, 5.0, 867.5249999999996]
[689.2286658539606, 375.9545559119504, -180.0, 5.0, 866.2749999999996]
[689.2286658539606, 370.9545559119504, -180.0, 5.0, 865.0249999999996]
[689.2286658539606, 365.9545559119504, -180.0, 5.0, 863.7749999999996]
[689.2286658539606, 360.9545559119504, -180.0, 5.0, 862.5249999999996]
[689.2286658539606, 355.9545559119504, -180.0, 5.0, 861.2749999999996]
[689.2286658539606, 350.9545559119504, -180.0, 5.0, 860.0249999999996]
[689.2286658539606, 345.9545559119504, -180.0, 5.0, 858.7749999999996]
[689.2286658539606, 340.9545559119504, -180.0, 5.0, 857.5249999999996]
[689.2286658539606, 335.9545559119504, -180.0, 5.0, 856.2749999999996]
[689.2286658539606, 330.9545559119504, -180.0, 5.0, 855.0249999999996]
[689.2286658539606, 325.9545559119504, -183.0, 5.0, 853.7749999999996]
[688.9669860727458, 320.96140823817757, -186.0, 5.0, 852.5249999999996]
[688.4443437564075, 315.9887987613362, -189.0, 5.0, 851.2749999999996]
[687.6621714312064, 311.05035705836053, -192.0, 5.0, 850.0249999999996]
[686.6226129771176, 306.1596190546915, -192.0, 5.0, 848.7749999999996]
[685.5830545230287, 301.2688810510225, -192.0, 5.0, 847.5249999999996]
[684.5434960689399, 296.3781430473535, -192.0, 5.0, 846.2749999999996]
[683.5039376148511, 291.4874050436845, -192.0, 5.0, 845.0249999999996]
[682.4643791607623, 286.59666704001546, -192.0, 5.0, 843.7749999999996]
[681.4248207066735, 281.70592903634645, -192.0, 5.0, 842.5249999999996]
[680.3852622525847, 276.81519103267743, -192.0, 5.0, 841.2749999999996]
[679.3457037984958, 271.9244530290084, -192.0, 5.0, 840.0249999999996]
[678.306145344407, 267.0337150253394, -192.0, 5.0, 838.7749999999996]
[677.2665868903182, 262.1429770216704, -192.0, 5.0, 837.5249999999996]
[676.2270284362294, 257.2522390180014, -192.0, 5.0, 836.2749999999996]
[675.1874699821406, 252.36150101433236, -195.0, 5.0, 835.0249999999996]
[673.893374756628, 247.53187188288703, -198.0, 5.0, 833.7749999999996]
[672.3482897847532, 242.77658930141126, -201.0, 5.0, 832.5249999999996]
[670.5564500370267, 238.10868716892526, -204.0, 5.0, 831.2749999999996]
[668.5227668216477, 233.54095988071225, -207.0, 5.0, 830.0249999999996]
[666.2528143229499, 229.08592725977041, -210.0, 5.0, 828.7749999999996]
[663.7528143229499, 224.75580024084823, -213.0, 5.0, 827.5249999999996]
[661.0296191478748, 220.56244740112112, -216.0, 5.0, 826.2749999999996]
[658.0906928864124, 216.5173624292464, -219.0, 5.0, 825.0249999999996]
[654.9440909311633, 212.63163262196153, -222.0, 5.0, 823.7749999999996]
[651.598437899369, 208.91590849457455, -225.0, 5.0, 822.5249999999996]
[648.0629039934362, 205.3803745886418, -228.0, 5.0, 821.2749999999996]
[644.3471798660493, 202.03472155684753, -231.0, 5.0, 820.0249999999996]
[640.4614500587644, 198.88811960159833, -234.0, 5.0, 818.7749999999996]
[636.4163650868896, 195.94919334013596, -237.0, 5.0, 817.5249999999996]
[632.2230122471625, 193.22599816506082, -240.0, 5.0, 816.2749999999996]
[627.8928852282403, 190.72599816506082, -243.0, 5.0, 815.0249999999996]
[623.4378526072984, 188.45604566636308, -246.0, 5.0, 813.7749999999996]
[618.8701253190854, 186.42236245098408, -249.0, 5.0, 812.5249999999996]
[614.2022231865994, 184.63052270325758, -252.0, 5.0, 811.2749999999996]
[609.4469406051237, 183.08543773138285, -255.0, 5.0, 810.0249999999996]
[604.6173114736783, 181.79134250587026, -258.0, 5.0, 808.7749999999996]
[599.7265734700093, 180.75178405178147, -261.0, 5.0, 807.5249999999996]
[594.7881317670336, 179.96961172658033, -264.0, 5.0, 806.2749999999996]
[589.8155222901922, 179.44696941024205, -267.0, 5.0, 805.0249999999996]
[584.8223746164193, 179.18528962902732, -267.0, 5.0, 803.7749999999996]
[579.8292269426464, 178.9236098478126, -267.0, 5.0, 802.5249999999996]
[574.8360792688735, 178.66193006659788, -267.0, 5.0, 801.2749999999996]
[569.8429315951006, 178.40025028538315, -267.0, 5.0, 800.0249999999996]
[564.8497839213277, 178.13857050416843, -267.0, 5.0, 798.7749999999996]
[559.8566362475548, 177.8768907229537, -267.0, 5.0, 797.5249999999996]
[554.8634885737819, 177.61521094173898, -267.0, 5.0, 796.2749999999996]
[549.870340900009, 177.35353116052426, -267.0, 5.0, 795.0249999999996]
[544.877193226236, 177.09185137930953, -267.0, 5.0, 793.7749999999996]
[539.8840455524631, 176.8301715980948, -267.0, 5.0, 792.5249999999996]
[534.8908978786902, 176.56849181688008, -267.0, 5.0, 791.2749999999996]
[529.8977502049173, 176.30681203566536, -267.0, 5.0, 790.0249999999996]
[524.9046025311444, 176.04513225445064, -267.0, 5.0, 788.7749999999996]
[519.9114548573715, 175.7834524732359, -267.0, 5.0, 787.5249999999996]
[514.9183071835986, 175.5217726920212, -267.0, 5.0, 786.2749999999996]
[509.92515950982573, 175.26009291080646, -267.0, 5.0, 785.0249999999996]
[504.9320118360529, 174.99841312959174, -267.0, 5.0, 783.7749999999996]
[499.93886416228, 174.73673334837702, -267.0, 5.0, 782.5249999999996]
[494.9457164885072, 174.4750535671623, -267.0, 5.0, 781.2749999999996]
[489.9525688147343, 174.21337378594757, -267.0, 5.0, 780.0249999999996]
[484.95942114096147, 173.95169400473284, -267.0, 5.0, 778.7749999999996]
[479.9662734671886, 173.69001422351812, -267.0, 5.0, 777.5249999999996]
[474.97312579341576, 173.4283344423034, -267.0, 5.0, 776.2749999999996]
[469.9799781196429, 173.16665466108867, -264.0, 5.0, 775.0249999999996]
[465.00736864280157, 172.6440123447504, -261.0, 5.0, 773.7749999999996]
[460.0689269398259, 171.86184001954925, -258.0, 5.0, 772.5249999999996]
[455.17818893615686, 170.82228156546046, -255.0, 5.0, 771.2749999999996]
[450.3485598047115, 169.52818633994787, -252.0, 5.0, 770.0249999999996]
[445.59327722323576, 167.98310136807314, -249.0, 5.0, 768.7749999999996]
[440.92537509074975, 166.19126162034664, -246.0, 5.0, 767.5249999999996]
[436.35764780253675, 164.15757840496764, -243.0, 5.0, 766.2749999999996]
[431.9026151815949, 161.8876259062699, -240.0, 5.0, 765.0249999999996]
[427.5724881626727, 159.3876259062699, -240.0, 5.0, 763.7749999999996]
[423.2423611437505, 156.8876259062699, -240.0, 5.0, 762.5249999999996]
[418.9122341248283, 154.3876259062699, -240.0, 5.0, 761.2749999999996]
[414.58210710590606, 151.8876259062699, -240.0, 5.0, 760.0249999999996]
[410.25198008698385, 149.3876259062699, -240.0, 5.0, 758.7749999999996]
[405.92185306806164, 146.8876259062699, -240.0, 5.0, 757.5249999999996]
[401.5917260491394, 144.3876259062699, -240.0, 5.0, 756.2749999999996]
[397.2615990302172, 141.8876259062699, -240.0, 5.0, 755.0249999999996]
[392.931472011295, 139.3876259062699, -240.0, 5.0, 753.7749999999996]
[388.6013449923728, 136.8876259062699, -240.0, 5.0, 752.5249999999996]
[384.2712179734506, 134.3876259062699, -240.0, 5.0, 751.2749999999996]
[379.94109095452836, 131.8876259062699, -240.0, 5.0, 750.0249999999996]
[375.61096393560615, 129.3876259062699, -240.0, 5.0, 748.7749999999996]
[371.28083691668394, 126.8876259062699, -240.0, 5.0, 747.5249999999996]
[366.9507098977617, 124.3876259062699, -240.0, 5.0, 746.2749999999996]
[362.6205828788395, 121.8876259062699, -240.0, 5.0, 745.0249999999996]
[358.2904558599173, 119.3876259062699, -240.0, 5.0, 743.7749999999996]
[353.9603288409951, 116.8876259062699, -240.0, 5.0, 742.5249999999996]
[349.6302018220729, 114.3876259062699, -240.0, 5.0, 741.2749999999996]
[345.30007480315066, 111.8876259062699, -240.0, 5.0, 740.0249999999996]
[340.96994778422845, 109.3876259062699, -240.0, 5.0, 738.7749999999996]
[336.63982076530624, 106.8876259062699, -240.0, 5.0, 737.5249999999996]
[332.309693746384, 104.3876259062699, -240.0, 5.0, 736.2749999999996]
[327.9795667274618, 101.8876259062699, -240.0, 5.0, 735.0249999999996]
[323.6494397085396, 99.3876259062699, -240.0, 5.0, 733.7749999999996]
[319.3193126896174, 96.8876259062699, -240.0, 5.0, 732.5249999999996]
[314.9891856706952, 94.3876259062699, -240.0, 5.0, 731.2749999999996]
[310.65905865177297, 91.8876259062699, -243.0, 5.0, 730.0249999999996]
[306.20402603083113, 89.61767340757217, -246.0, 5.0, 728.7749999999996]
[301.6362987426181, 87.58399019219317, -249.0, 5.0, 727.5249999999996]
[296.9683966101321, 85.79215044446667, -252.0, 5.0, 726.2749999999996]
[292.2131140286564, 84.24706547259193, -255.0, 5.0, 725.0249999999996]
[287.383484897211, 82.95297024707932, -258.0, 5.0, 723.7749999999996]
[282.492746893542, 81.91341179299053, -261.0, 5.0, 722.5249999999996]
[277.5543051905663, 81.13123946778937, -264.0, 5.0, 721.2749999999996]
[272.58169571372497, 80.60859715145111, -267.0, 5.0, 720.0249999999996]
[267.5885480399521, 80.34691737023638, -270.0, 5.0, 718.7749999999996]
[262.5885480399521, 80.34691737023638, -270.0, 5.0, 717.5249999999996]
[257.5885480399521, 80.34691737023638, -270.0, 5.0, 716.2749999999996]
[252.58854803995212, 80.34691737023638, -270.0, 5.0, 715.0249999999996]
[247.58854803995212, 80.34691737023638, -270.0, 5.0, 713.7749999999996]
[242.58854803995212, 80.34691737023638, -270.0, 5.0, 712.5249999999996]
[237.58854803995212, 80.34691737023638, -270.0, 5.0, 711.2749999999996]
[232.58854803995212, 80.34691737023638, -273.0, 5.0, 710.0249999999996]
[227.59540036617923, 80.60859715145111, -276.0, 5.0, 708.7749999999996]
[222.62279088933786, 81.13123946778937, -279.0, 5.0, 707.5249999999996]
[217.68434918636217, 81.91341179299053, -282.0, 5.0, 706.2749999999996]
[212.79361118269316, 82.95297024707932, -285.0, 5.0, 705.0249999999996]
[207.96398205124783, 84.24706547259193, -288.0, 5.0, 703.7749999999996]
[203.20869946977206, 85.79215044446667, -291.0, 5.0, 702.5249999999996]
[198.54079733728605, 87.58399019219317, -291.0, 5.0, 701.2749999999996]
[193.87289520480005, 89.37582993991967, -291.0, 5.0, 700.0249999999996]
[189.20499307231404, 91.16766968764617, -291.0, 5.0, 698.7749999999996]
[184.53709093982803, 92.95950943537267, -291.0, 5.0, 697.5249999999996]
[179.86918880734203, 94.75134918309917, -291.0, 5.0, 696.2749999999996]
[175.20128667485602, 96.54318893082566, -291.0, 5.0, 695.0249999999996]
[170.53338454237002, 98.33502867855216, -291.0, 5.0, 693.7749999999996]
[165.865482409884, 100.12686842627866, -291.0, 5.0, 692.5249999999996]
[161.197580277398, 101.91870817400516, -291.0, 5.0, 691.2749999999996]
[156.529678144912, 103.71054792173166, -291.0, 5.0, 690.0249999999996]
[161.10422223474828, 101.9545449689597, -291.0, 0.1, 689.9999999999997]
[160.91750614944883, 102.02621855886875, -291.0, 0.2, 689.9499999999997]
[160.73079006414937, 102.0978921487778, -294.0, 0.2, 689.8999999999997]
[160.9134991556779, 102.01654482016264, -294.0, 0.0, 689.8374999999997]
[160.9134991556779, 102.01654482016264, -294.0, 0.0, 689.7749999999997]
[160.9134991556779, 102.01654482016264, -294.0, 0.0, 689.7124999999997]
[160.9134991556779, 102.01654482016264, -294.0, 0.0, 689.6499999999997]
[160.82214460991364, 102.05721848447021, -291.0, 0.1, 689.6249999999998]
[160.63542852461418, 102.12889207437927, -291.0, 0.2, 689.5749999999998]
[160.44871243931473, 102.20056566428832, -288.0, 0.2, 689.5249999999999]
[160.2585011360557, 102.2623690631633, -285.0, 0.2, 689.4749999999999]
[160.0653159707979, 102.3141328721838, -282.0, 0.2, 689.425]
[159.86968645065116, 102.35571521034736, -279.0, 0.2, 689.375]
[159.67214878253213, 102.3870021033554, -276.0, 0.2, 689.325]
[159.47324440345847, 102.40790779600893, -273.0, 0.2, 689.2750000000001]
[159.27351849650756, 102.41837498725752, -270.0, 0.2, 689.2250000000001]
[159.07351849650757, 102.41837498725752, -267.0, 0.2, 689.1750000000002]
[158.87379258955667, 102.40790779600893, -264.0, 0.2, 689.1250000000002]
[158.674888210483, 102.3870021033554, -261.0, 0.2, 689.0750000000003]
[158.47735054236398, 102.35571521034736, -258.0, 0.2, 689.0250000000003]
[158.28172102221723, 102.3141328721838, -255.0, 0.2, 688.9750000000004]
[158.08853585695942, 102.2623690631633, -252.0, 0.2, 688.9250000000004]
[157.8983245537004, 102.20056566428832, -249.0, 0.2, 688.8750000000005]
[157.71160846840095, 102.12889207437927, -246.0, 0.2, 688.8250000000005]
[157.89431755992948, 102.21023940299443, -246.0, 0.0, 688.7625000000005]
[157.80296301416521, 102.16956573868686, -249.0, 0.1, 688.7375000000005]
[157.61624692886576, 102.0978921487778, -249.0, 0.2, 688.6875000000006]
[157.33617280091661, 101.99038176391421, -249.0, 0.30000000000000004, 688.6125000000005]
[156.96274063031774, 101.8470345840961, -249.0, 0.4, 688.5125000000005]
[156.49595041706914, 101.66785060932344, -249.0, 0.5, 688.3875000000005]
[155.9358021611708, 101.45282983959626, -249.0, 0.6, 688.2375000000005]
[155.28229586262276, 101.20197227491455, -249.0, 0.7, 688.0625000000006]
[154.6287895640747, 100.95111471023284, -252.0, 0.7, 687.8875000000006]
[153.9630500026681, 100.73480281417038, -255.0, 0.7, 687.7125000000007]
[153.28690192426575, 100.55362948259861, -258.0, 0.7, 687.5375000000007]
[152.60219860375207, 100.40809129902618, -261.0, 0.7, 687.3625000000008]
[151.91081676533548, 100.29858717349802, -264.0, 0.7, 687.1875000000008]
[151.2146514385777, 100.22541724921066, -267.0, 0.7, 687.0125000000008]
[150.51561076424952, 100.1887820798406, -270.0, 0.7, 686.8375000000009]
[149.81561076424953, 100.1887820798406, -273.0, 0.7, 686.6625000000009]
[149.11657008992134, 100.22541724921066, -276.0, 0.7, 686.487500000001]
[148.32095257362673, 100.30904001982479, -276.0, 0.7999999999999999, 686.2875000000009]
[147.42588286779528, 100.40311563676568, -276.0, 0.8999999999999999, 686.0625000000009]
[146.431360972427, 100.50764410003333, -276.0, 0.9999999999999999, 685.8125000000009]
[145.3373868875219, 100.62262540962774, -276.0, 1.0999999999999999, 685.5375000000009]
[144.14396061307997, 100.74805956554893, -276.0, 1.2, 685.237500000001]
[142.85108214910122, 100.88394656779688, -276.0, 1.3, 684.9125000000009]
[141.45875149558563, 101.0302864163716, -276.0, 1.4000000000000001, 684.5625000000009]
[139.9669686525332, 101.18707911127308, -276.0, 1.5000000000000002, 684.1875000000009]
[138.375733619944, 101.35432465250132, -276.0, 1.6000000000000003, 683.7875000000009]
[136.68504639781793, 101.53202304005633, -276.0, 1.7000000000000004, 683.362500000001]
[134.89490698615504, 101.72017427393811, -276.0, 1.8000000000000005, 682.9125000000009]
[133.0053153849553, 101.91877835414665, -276.0, 1.9000000000000006, 682.4375000000009]
[131.01627159421875, 102.12783528068196, -276.0, 2.0000000000000004, 681.9375000000009]
[128.92777561394539, 102.34734505354403, -276.0, 2.1000000000000005, 681.4125000000009]
[126.73982744413519, 102.57730767273287, -276.0, 2.2000000000000006, 680.862500000001]
[124.45242708478816, 102.81772313824847, -276.0, 2.3000000000000007, 680.2875000000009]
[122.0655745359043, 103.06859145009084, -276.0, 2.400000000000001, 679.6875000000009]
[119.57926979748362, 103.32991260825997, -276.0, 2.500000000000001, 679.0625000000009]
[116.99351286952611, 103.60168661275587, -276.0, 2.600000000000001, 678.4125000000009]
[114.30830375203178, 103.88391346357854, -276.0, 2.700000000000001, 677.737500000001]
[111.5236424450006, 104.17659316072796, -276.0, 2.800000000000001, 677.0375000000009]
[108.73898113796943, 104.46927285787739, -279.0, 2.800000000000001, 676.3375000000009]
[105.97345378430305, 104.90728935999003, -282.0, 2.800000000000001, 675.6375000000008]
[103.2346405022484, 105.48944209427975, -285.0, 2.800000000000001, 674.9375000000008]
[100.530048188639, 106.2141354205668, -288.0, 2.800000000000001, 674.2375000000008]
[97.86708994301257, 107.07938300481666, -291.0, 2.800000000000001, 673.5375000000007]
[95.2530647488204, 108.0828132635435, -294.0, 2.800000000000001, 672.8375000000007]
[92.69513746742112, 109.22167586415574, -297.0, 2.800000000000001, 672.1375000000006]
[90.2003191996937, 110.49284926342648, -300.0, 2.800000000000001, 671.4375000000006]
[87.77544806909727, 111.89284926342648, -303.0, 2.800000000000001, 670.7375000000005]
[85.42717047885007, 113.41783856146856, -306.0, 2.800000000000001, 670.0375000000005]
[83.16192289460022, 115.06363726788749, -309.0, 2.800000000000001, 669.3375000000004]
[80.9859142025207, 116.82573436282703, -312.0, 2.800000000000001, 668.6375000000004]
[78.905108691184, 118.69930006063184, -315.0, 2.800000000000001, 667.9375000000003]
[76.92520970386167, 120.67919904795417, -318.0, 2.800000000000001, 667.2375000000003]
[75.05164400605686, 122.76000455929088, -321.0, 2.800000000000001, 666.5375000000003]
[73.28954691111731, 124.9360132513704, -324.0, 2.800000000000001, 665.8375000000002]
[71.64374820469838, 127.20126083562025, -327.0, 2.800000000000001, 665.1375000000002]
[70.11875890665631, 129.54953842586744, -330.0, 2.800000000000001, 664.4375000000001]
[68.7187589066563, 131.97440955646385, -333.0, 2.800000000000001, 663.7375000000001]
[67.44758550738557, 134.46922782419128, -336.0, 2.800000000000001, 663.0375]
[66.30872290677333, 137.02715510559057, -339.0, 2.800000000000001, 662.3375]
[65.30529264804649, 139.64118029978272, -342.0, 2.800000000000001, 661.6374999999999]
[64.44004506379663, 142.30413854540916, -345.0, 2.800000000000001, 660.9374999999999]
[63.71535173750957, 145.00873085901856, -348.0, 2.800000000000001, 660.2374999999998]
[63.13319900321984, 147.7475441410732, -351.0, 2.800000000000001, 659.5374999999998]
[62.6951825011072, 150.5130714947396, -354.0, 2.800000000000001, 658.8374999999997]
[62.402502803957766, 153.29773280177076, -357.0, 2.800000000000001, 658.1374999999997]
[62.25596212647752, 156.09389549908357, -360.0, 2.800000000000001, 657.4374999999997]
[62.25596212647752, 158.89389549908358, -363.0, 2.800000000000001, 656.7374999999996]
[62.402502803957766, 161.6900581963964, -366.0, 2.800000000000001, 656.0374999999996]
[62.6951825011072, 164.47471950342756, -369.0, 2.800000000000001, 655.3374999999995]
[63.13319900321984, 167.24024685709395, -372.0, 2.800000000000001, 654.6374999999995]
[63.71535173750957, 169.9790601391486, -375.0, 2.800000000000001, 653.9374999999994]
[64.41416315928637, 172.58705987012908, -375.0, 2.700000000000001, 653.2624999999995]
[65.08709267655293, 175.09846701848065, -375.0, 2.600000000000001, 652.6124999999995]
[65.73414028930922, 177.51328158420333, -375.0, 2.500000000000001, 651.9874999999995]
[66.35530599755528, 179.8315035672971, -375.0, 2.400000000000001, 651.3874999999995]
[66.95058980129107, 182.05313296776194, -375.0, 2.3000000000000007, 650.8124999999994]
[67.51999170051661, 184.1781697855979, -375.0, 2.2000000000000006, 650.2624999999995]
[68.06351169523191, 186.20661402080495, -375.0, 2.1000000000000005, 649.7374999999995]
[68.58114978543695, 188.13846567338308, -375.0, 2.0000000000000004, 649.2374999999995]
[69.07290597113173, 189.9737247433323, -375.0, 1.9000000000000004, 648.7624999999995]
[69.53878025231627, 191.71239123065263, -375.0, 1.8000000000000003, 648.3124999999994]
[69.97877262899055, 193.35446513534404, -375.0, 1.7000000000000002, 647.8874999999995]
[70.39288310115458, 194.89994645740654, -375.0, 1.6, 647.4874999999995]
[70.78111166880836, 196.34883519684016, -375.0, 1.5, 647.1124999999995]
[71.14345833195189, 197.70113135364485, -375.0, 1.4, 646.7624999999995]
[71.47992309058517, 198.95683492782064, -375.0, 1.2999999999999998, 646.4374999999994]
[71.7905059447082, 200.1159459193675, -375.0, 1.1999999999999997, 646.1374999999995]
[72.07520689432097, 201.1784643282855, -375.0, 1.0999999999999996, 645.8624999999995]
[72.3340259394235, 202.14439015457455, -375.0, 0.9999999999999997, 645.6124999999995]
[72.56696308001577, 203.0137233982347, -375.0, 0.8999999999999997, 645.3874999999995]
[72.77401831609778, 203.78646405926597, -375.0, 0.7999999999999997, 645.1874999999994]
[72.95519164766955, 204.46261213766832, -375.0, 0.6999999999999997, 645.0124999999995]
[73.11048307473106, 205.04216763344175, -375.0, 0.5999999999999998, 644.8624999999995]
[73.23989259728232, 205.5251305465863, -375.0, 0.4999999999999998, 644.7374999999995]
[73.34342021532333, 205.91150087710193, -375.0, 0.3999999999999998, 644.6374999999995]
[73.42106592885409, 206.20127862498865, -375.0, 0.2999999999999998, 644.5624999999994]
[73.47282973787459, 206.39446379024645, -375.0, 0.19999999999999982, 644.5124999999995]
[73.49871164238485, 206.49105637287536, -375.0, 0.09999999999999981, 644.4874999999995]
[73.49871164238485, 206.49105637287536, -375.0, 0.0, 644.4874999999995]
[73.49871164238485, 206.49105637287536, -375.0, 0.0, 644.4874999999995]
[73.49871164238485, 206.49105637287536, -375.0, 0.0, 644.4874999999995]
[73.49871164238485, 206.49105637287536, -375.0, 0.0, 644.4874999999995]
[73.49871164238485, 206.49105637287536, -375.0, 0.0, 644.4874999999995]
[73.49871164238485, 206.49105637287536, -375.0, 0.0, 644.4874999999995]
[73.49871164238485, 206.49105637287536, -375.0, 0.0, 644.4874999999995]
[73.49871164238485, 206.49105637287536, -375.0, 0.0, 644.4874999999995]
[73.49871164238485, 206.49105637287536, -375.0, 0.0, 644.4874999999995]
[73.49871164238485, 206.49105637287536, -375.0, 0.0, 644.4874999999995]
[73.49871164238485, 206.49105637287536, -375.0, 0.0, 644.4874999999995]
[73.49871164238485, 206.49105637287536, -375.0, 0.0, 644.4874999999995]
[73.49871164238485, 206.49105637287536, -375.0, 0.0, 644.4874999999995]
[73.49871164238485, 206.49105637287536, -375.0, 0.0, 644.4874999999995]
[73.49871164238485, 206.49105637287536, -375.0, 0.0, 644.4874999999995]
[73.49871164238485, 206.49105637287536, -375.0, 0.0, 644.4874999999995]
[73.49871164238485, 206.49105637287536, -375.0, 0.0, 644.4874999999995]
[73.49871164238485, 206.49105637287536, -375.0, 0.0, 644.4874999999995]
[73.49871164238485, 206.49105637287536, -375.0, 0.0, 644.4874999999995]
[73.49871164238485, 206.49105637287536, -375.0, 0.0, 644.4874999999995]
[73.49871164238485, 206.49105637287536, -375.0, 0.0, 644.4874999999995]
[73.49871164238485, 206.49105637287536, -375.0, 0.0, 644.4874999999995]
[73.49871164238485, 206.49105637287536, -375.0, 0.0, 644.4874999999995]
[73.49871164238485, 206.49105637287536, -375.0, 0.0, 644.4874999999995]
[73.49871164238485, 206.49105637287536, -375.0, 0.0, 644.4874999999995]
[73.49871164238485, 206.49105637287536, -375.0, 0.0, 644.4874999999995]
[73.49871164238485, 206.49105637287536, -375.0, 0.0, 644.4874999999995]
[73.49871164238485, 206.49105637287536, -375.0, 0.0, 644.4874999999995]
[73.49871164238485, 206.49105637287536, -375.0, 0.0, 644.4874999999995]
[73.49871164238485, 206.49105637287536, -375.0, 0.0, 644.4874999999995]
[73.49871164238485, 206.49105637287536, -375.0, 0.0, 644.4874999999995]
[73.49871164238485, 206.49105637287536, -375.0, 0.0, 644.4874999999995]
[73.49871164238485, 206.49105637287536, -375.0, 0.0, 644.4874999999995]
[73.49871164238485, 206.49105637287536, -375.0, 0.0, 644.4874999999995]
[73.49871164238485, 206.49105637287536, -375.0, 0.0, 644.4874999999995]
[73.49871164238485, 206.49105637287536, -375.0, 0.0, 644.4874999999995]
[73.49871164238485, 206.49105637287536, -375.0, 0.0, 644.4874999999995]
[73.49871164238485, 206.49105637287536, -375.0, 0.0, 644.4874999999995]
[73.49871164238485, 206.49105637287536, -375.0, 0.0, 644.4874999999995]
[73.49871164238485, 206.49105637287536, -375.0, 0.0, 644.4874999999995]
[73.49871164238485, 206.49105637287536, -375.0, 0.0, 644.4874999999995]
[73.49871164238485, 206.49105637287536, -375.0, 0.0, 644.4874999999995]
[73.49871164238485, 206.49105637287536, -375.0, 0.0, 644.4874999999995]
[73.49871164238485, 206.49105637287536, -375.0, 0.0, 644.4874999999995]
[73.49871164238485, 206.49105637287536, -375.0, 0.0, 644.4874999999995]
[73.49871164238485, 206.49105637287536, -375.0, 0.0, 644.4874999999995]
[73.49871164238485, 206.49105637287536, -375.0, 0.0, 644.4874999999995]
[73.49871164238485, 206.49105637287536, -375.0, 0.0, 644.4874999999995]
[73.49871164238485, 206.49105637287536, -375.0, 0.0, 644.4874999999995]
[73.49871164238485, 206.49105637287536, -375.0, 0.0, 644.4874999999995]
[73.49871164238485, 206.49105637287536, -375.0, 0.0, 644.4874999999995]
[73.49871164238485, 206.49105637287536, -375.0, 0.0, 644.4874999999995]
[73.49871164238485, 206.49105637287536, -375.0, 0.0, 644.4874999999995]
[73.49871164238485, 206.49105637287536, -375.0, 0.0, 644.4874999999995]
[73.49871164238485, 206.49105637287536, -375.0, 0.0, 644.4874999999995]
[73.49871164238485, 206.49105637287536, -375.0, 0.0, 644.4874999999995]
[73.49871164238485, 206.49105637287536, -375.0, 0.0, 644.4874999999995]
[73.49871164238485, 206.49105637287536, -375.0, 0.0, 644.4874999999995]
[73.49871164238485, 206.49105637287536, -375.0, 0.0, 644.4874999999995]
[73.49871164238485, 206.49105637287536, -375.0, 0.0, 644.4874999999995]
[73.49871164238485, 206.49105637287536, -375.0, 0.0, 644.4874999999995]
[73.49871164238485, 206.49105637287536, -375.0, 0.0, 644.4874999999995]
[73.49871164238485, 206.49105637287536, -375.0, 0.0, 644.4874999999995]
[73.49871164238485, 206.49105637287536, -375.0, 0.0, 644.4874999999995]
[73.49871164238485, 206.49105637287536, -375.0, 0.0, 644.4874999999995]
[73.49871164238485, 206.49105637287536, -375.0, 0.0, 644.4874999999995]
[73.49871164238485, 206.49105637287536, -375.0, 0.0, 644.4874999999995]
[73.49871164238485, 206.49105637287536, -375.0, 0.0, 644.4874999999995]
[73.49871164238485, 206.49105637287536, -375.0, 0.0, 644.4874999999995]